-115 17.5 -9.99e+08
-114 17.5 -9.99e+08
-113 17.5 -9.99e+08
-112 17.5 -9.99e+08
-111 17.5 -9.99e+08
-110 17.5 -9.99e+08
-109 17.5 -9.99e+08
-108 17.5 -9.99e+08
-107 17.5 -9.99e+08
-106 17.5 -9.99e+08
-105 17.5 -9.99e+08
-104 17.5 -9.99e+08
-103 17.5 -9.99e+08
-102 17.5 -9.99e+08
-101 17.5 -9.99e+08
-100 17.5 -9.99e+08
-99 17.5 -9.99e+08
-98 17.5 -9.99e+08
-97 17.5 -9.99e+08
-96 17.5 -9.99e+08
-95 17.5 -9.99e+08
-94 17.5 -9.99e+08
-93 17.5 -9.99e+08
-92 17.5 -9.99e+08
-91 17.5 -9.99e+08
-90 17.5 -9.99e+08
-89 17.5 -9.99e+08
-88 17.5 -9.99e+08
-87 17.5 -9.99e+08
-86 17.5 -9.99e+08
-85 17.5 -9.99e+08
-84 17.5 -9.99e+08
-83 17.5 -9.99e+08
-82 17.5 -9.99e+08
-81 17.5 -9.99e+08
-80 17.5 -9.99e+08
-79 17.5 -9.99e+08
-78 17.5 -9.99e+08
-77 17.5 -9.99e+08
-76 17.5 -9.99e+08
-75 17.5 -9.99e+08
-74 17.5 -9.99e+08
-73 17.5 -9.99e+08
-72 17.5 -9.99e+08
-71 17.5 -9.99e+08
-70 17.5 -9.99e+08
-69 17.5 -9.99e+08
-68 17.5 -9.99e+08
-67 17.5 -9.99e+08
-66 17.5 -9.99e+08
-65 17.5 -9.99e+08
-64 17.5 -9.99e+08
-63 17.5 -9.99e+08
-62 17.5 -9.99e+08
-61 17.5 -9.99e+08
-60 17.5 -9.99e+08
-59 17.5 -9.99e+08
-58 17.5 -9.99e+08
-57 17.5 -9.99e+08
-56 17.5 -9.99e+08
-55 17.5 -9.99e+08
-54 17.5 -9.99e+08
-53 17.5 -9.99e+08
-52 17.5 -9.99e+08
-51 17.5 -9.99e+08
-50 17.5 -9.99e+08
-49 17.5 -9.99e+08
-48 17.5 -9.99e+08
-47 17.5 -9.99e+08
-46 17.5 -9.99e+08
-45 17.5 -9.99e+08
-44 17.5 -9.99e+08
-43 17.5 -9.99e+08
-42 17.5 -9.99e+08
-41 17.5 -9.99e+08
-115 18.5 -9.99e+08
-114 18.5 -9.99e+08
-113 18.5 -9.99e+08
-112 18.5 -9.99e+08
-111 18.5 -9.99e+08
-110 18.5 -9.99e+08
-109 18.5 -9.99e+08
-108 18.5 -9.99e+08
-107 18.5 -9.99e+08
-106 18.5 -9.99e+08
-105 18.5 -9.99e+08
-104 18.5 -9.99e+08
-103 18.5 -9.99e+08
-102 18.5 -9.99e+08
-101 18.5 -9.99e+08
-100 18.5 5844.16
-99 18.5 5838.067
-98 18.5 -9.99e+08
-97 18.5 -9.99e+08
-96 18.5 -9.99e+08
-95 18.5 -9.99e+08
-94 18.5 -9.99e+08
-93 18.5 -9.99e+08
-92 18.5 -9.99e+08
-91 18.5 -9.99e+08
-90 18.5 -9.99e+08
-89 18.5 -9.99e+08
-88 18.5 -9.99e+08
-87 18.5 -9.99e+08
-86 18.5 -9.99e+08
-85 18.5 -9.99e+08
-84 18.5 -9.99e+08
-83 18.5 -9.99e+08
-82 18.5 -9.99e+08
-81 18.5 -9.99e+08
-80 18.5 -9.99e+08
-79 18.5 -9.99e+08
-78 18.5 -9.99e+08
-77 18.5 -9.99e+08
-76 18.5 -9.99e+08
-75 18.5 -9.99e+08
-74 18.5 -9.99e+08
-73 18.5 -9.99e+08
-72 18.5 -9.99e+08
-71 18.5 -9.99e+08
-70 18.5 -9.99e+08
-69 18.5 -9.99e+08
-68 18.5 -9.99e+08
-67 18.5 -9.99e+08
-66 18.5 -9.99e+08
-65 18.5 -9.99e+08
-64 18.5 -9.99e+08
-63 18.5 -9.99e+08
-62 18.5 -9.99e+08
-61 18.5 -9.99e+08
-60 18.5 -9.99e+08
-59 18.5 -9.99e+08
-58 18.5 -9.99e+08
-57 18.5 5839.175
-56 18.5 5842.145
-55 18.5 -9.99e+08
-54 18.5 -9.99e+08
-53 18.5 -9.99e+08
-52 18.5 -9.99e+08
-51 18.5 -9.99e+08
-50 18.5 -9.99e+08
-49 18.5 -9.99e+08
-48 18.5 -9.99e+08
-47 18.5 -9.99e+08
-46 18.5 -9.99e+08
-45 18.5 -9.99e+08
-44 18.5 -9.99e+08
-43 18.5 -9.99e+08
-42 18.5 -9.99e+08
-41 18.5 -9.99e+08
-115 19.5 -9.99e+08
-114 19.5 -9.99e+08
-113 19.5 -9.99e+08
-112 19.5 -9.99e+08
-111 19.5 -9.99e+08
-110 19.5 -9.99e+08
-109 19.5 -9.99e+08
-108 19.5 -9.99e+08
-107 19.5 -9.99e+08
-106 19.5 -9.99e+08
-105 19.5 -9.99e+08
-104 19.5 -9.99e+08
-103 19.5 -9.99e+08
-102 19.5 -9.99e+08
-101 19.5 -9.99e+08
-100 19.5 5857.364
-99 19.5 5855.144
-98 19.5 5829.964
-97 19.5 5849.161
-96 19.5 5862.116
-95 19.5 5860.854
-94 19.5 5859.925
-93 19.5 -9.99e+08
-92 19.5 -9.99e+08
-91 19.5 -9.99e+08
-90 19.5 -9.99e+08
-89 19.5 -9.99e+08
-88 19.5 -9.99e+08
-87 19.5 -9.99e+08
-86 19.5 -9.99e+08
-85 19.5 -9.99e+08
-84 19.5 -9.99e+08
-83 19.5 -9.99e+08
-82 19.5 -9.99e+08
-81 19.5 -9.99e+08
-80 19.5 -9.99e+08
-79 19.5 -9.99e+08
-78 19.5 -9.99e+08
-77 19.5 -9.99e+08
-76 19.5 -9.99e+08
-75 19.5 -9.99e+08
-74 19.5 -9.99e+08
-73 19.5 -9.99e+08
-72 19.5 -9.99e+08
-71 19.5 -9.99e+08
-70 19.5 -9.99e+08
-69 19.5 -9.99e+08
-68 19.5 -9.99e+08
-67 19.5 -9.99e+08
-66 19.5 -9.99e+08
-65 19.5 -9.99e+08
-64 19.5 -9.99e+08
-63 19.5 5836.276
-62 19.5 5835.443
-61 19.5 5834.227
-60 19.5 5833.426
-59 19.5 5833.384
-58 19.5 5833.962
-57 19.5 5835.519
-56 19.5 5838.045
-55 19.5 -9.99e+08
-54 19.5 -9.99e+08
-53 19.5 -9.99e+08
-52 19.5 -9.99e+08
-51 19.5 -9.99e+08
-50 19.5 -9.99e+08
-49 19.5 -9.99e+08
-48 19.5 -9.99e+08
-47 19.5 -9.99e+08
-46 19.5 -9.99e+08
-45 19.5 -9.99e+08
-44 19.5 -9.99e+08
-43 19.5 -9.99e+08
-42 19.5 -9.99e+08
-41 19.5 -9.99e+08
-115 20.5 -9.99e+08
-114 20.5 -9.99e+08
-113 20.5 -9.99e+08
-112 20.5 -9.99e+08
-111 20.5 -9.99e+08
-110 20.5 -9.99e+08
-109 20.5 -9.99e+08
-108 20.5 -9.99e+08
-107 20.5 -9.99e+08
-106 20.5 -9.99e+08
-105 20.5 -9.99e+08
-104 20.5 -9.99e+08
-103 20.5 -9.99e+08
-102 20.5 -9.99e+08
-101 20.5 5905.648
-100 20.5 5887.77
-99 20.5 5868.693
-98 20.5 5849.779
-97 20.5 5858.354
-96 20.5 5850.573
-95 20.5 5844.231
-94 20.5 5846.392
-93 20.5 5851.155
-92 20.5 5853.213
-91 20.5 5853.129
-90 20.5 5851.228
-89 20.5 5847.746
-88 20.5 5843.071
-87 20.5 5839.863
-86 20.5 5836.932
-85 20.5 5834.937
-84 20.5 -9.99e+08
-83 20.5 -9.99e+08
-82 20.5 -9.99e+08
-81 20.5 -9.99e+08
-80 20.5 -9.99e+08
-79 20.5 -9.99e+08
-78 20.5 -9.99e+08
-77 20.5 -9.99e+08
-76 20.5 -9.99e+08
-75 20.5 -9.99e+08
-74 20.5 -9.99e+08
-73 20.5 -9.99e+08
-72 20.5 5821.042
-71 20.5 5820.162
-70 20.5 5821.226
-69 20.5 5822.733
-68 20.5 5824.246
-67 20.5 5825.729
-66 20.5 5827.268
-65 20.5 5828.596
-64 20.5 5829.708
-63 20.5 5830.483
-62 20.5 5830.671
-61 20.5 5830.154
-60 20.5 5829.849
-59 20.5 5830.182
-58 20.5 5830.911
-57 20.5 5832.128
-56 20.5 5833.851
-55 20.5 -9.99e+08
-54 20.5 -9.99e+08
-53 20.5 -9.99e+08
-52 20.5 -9.99e+08
-51 20.5 -9.99e+08
-50 20.5 -9.99e+08
-49 20.5 -9.99e+08
-48 20.5 -9.99e+08
-47 20.5 -9.99e+08
-46 20.5 -9.99e+08
-45 20.5 -9.99e+08
-44 20.5 -9.99e+08
-43 20.5 -9.99e+08
-42 20.5 -9.99e+08
-41 20.5 -9.99e+08
-115 21.5 -9.99e+08
-114 21.5 -9.99e+08
-113 21.5 -9.99e+08
-112 21.5 -9.99e+08
-111 21.5 -9.99e+08
-110 21.5 -9.99e+08
-109 21.5 -9.99e+08
-108 21.5 -9.99e+08
-107 21.5 -9.99e+08
-106 21.5 -9.99e+08
-105 21.5 -9.99e+08
-104 21.5 -9.99e+08
-103 21.5 -9.99e+08
-102 21.5 -9.99e+08
-101 21.5 5879.942
-100 21.5 5907.643
-99 21.5 5823.338
-98 21.5 5840.274
-97 21.5 5834.447
-96 21.5 5840.265
-95 21.5 5838.919
-94 21.5 5842.296
-93 21.5 5844.355
-92 21.5 5845.392
-91 21.5 5846.068
-90 21.5 5844.974
-89 21.5 5841.36
-88 21.5 5836.408
-87 21.5 5832.728
-86 21.5 5829.878
-85 21.5 5827.7
-84 21.5 5828.61
-83 21.5 5829.646
-82 21.5 5829.264
-81 21.5 5827.488
-80 21.5 5825.125
-79 21.5 5822.275
-78 21.5 5818.091
-77 21.5 5816.445
-76 21.5 5814.427
-75 21.5 5812.802
-74 21.5 5811.659
-73 21.5 5810.912
-72 21.5 5810.41
-71 21.5 5810.09
-70 21.5 5809.771
-69 21.5 5809.418
-68 21.5 5809.447
-67 21.5 5810.711
-66 21.5 5813.242
-65 21.5 5816.08
-64 21.5 5818.987
-63 21.5 5821.864
-62 21.5 5823.821
-61 21.5 5824.849
-60 21.5 5825.862
-59 21.5 5827.338
-58 21.5 5828.797
-57 21.5 5829.757
-56 21.5 5830.237
-55 21.5 5830.479
-54 21.5 -9.99e+08
-53 21.5 -9.99e+08
-52 21.5 -9.99e+08
-51 21.5 -9.99e+08
-50 21.5 -9.99e+08
-49 21.5 -9.99e+08
-48 21.5 -9.99e+08
-47 21.5 -9.99e+08
-46 21.5 -9.99e+08
-45 21.5 -9.99e+08
-44 21.5 -9.99e+08
-43 21.5 -9.99e+08
-42 21.5 -9.99e+08
-41 21.5 -9.99e+08
-115 22.5 -9.99e+08
-114 22.5 -9.99e+08
-113 22.5 -9.99e+08
-112 22.5 -9.99e+08
-111 22.5 -9.99e+08
-110 22.5 -9.99e+08
-109 22.5 -9.99e+08
-108 22.5 -9.99e+08
-107 22.5 -9.99e+08
-106 22.5 -9.99e+08
-105 22.5 -9.99e+08
-104 22.5 -9.99e+08
-103 22.5 -9.99e+08
-102 22.5 -9.99e+08
-101 22.5 5882.436
-100 22.5 5880.579
-99 22.5 5820.288
-98 22.5 5818.491
-97 22.5 5818.922
-96 22.5 5823.187
-95 22.5 5833.827
-94 22.5 5836.958
-93 22.5 5839.102
-92 22.5 5840.312
-91 22.5 5839.644
-90 22.5 5837.092
-89 22.5 5833.202
-88 22.5 5828.082
-87 22.5 5824.242
-86 22.5 5821.319
-85 22.5 5819.12
-84 22.5 5819.404
-83 22.5 5820.555
-82 22.5 5820.522
-81 22.5 5818.579
-80 22.5 5816.48
-79 22.5 5814.253
-78 22.5 5811.808
-77 22.5 5809.487
-76 22.5 5807.43
-75 22.5 5805.443
-74 22.5 5803.519
-73 22.5 5801.722
-72 22.5 5799.925
-71 22.5 5798.173
-70 22.5 5796.609
-69 22.5 5794.848
-68 22.5 5793.606
-67 22.5 5794.482
-66 22.5 5797.509
-65 22.5 5801.27
-64 22.5 5805.592
-63 22.5 5810.167
-62 22.5 5813.667
-61 22.5 5816.268
-60 22.5 5818.549
-59 22.5 5821.193
-58 22.5 5823.533
-57 22.5 5824.479
-56 22.5 5824.179
-55 22.5 5823.509
-54 22.5 -9.99e+08
-53 22.5 -9.99e+08
-52 22.5 -9.99e+08
-51 22.5 -9.99e+08
-50 22.5 -9.99e+08
-49 22.5 -9.99e+08
-48 22.5 -9.99e+08
-47 22.5 -9.99e+08
-46 22.5 -9.99e+08
-45 22.5 -9.99e+08
-44 22.5 -9.99e+08
-43 22.5 -9.99e+08
-42 22.5 -9.99e+08
-41 22.5 -9.99e+08
-115 23.5 -9.99e+08
-114 23.5 -9.99e+08
-113 23.5 -9.99e+08
-112 23.5 -9.99e+08
-111 23.5 -9.99e+08
-110 23.5 -9.99e+08
-109 23.5 -9.99e+08
-108 23.5 -9.99e+08
-107 23.5 -9.99e+08
-106 23.5 -9.99e+08
-105 23.5 -9.99e+08
-104 23.5 -9.99e+08
-103 23.5 -9.99e+08
-102 23.5 5862.506
-101 23.5 5843.654
-100 23.5 5833.382
-99 23.5 5811.202
-98 23.5 5806.124
-97 23.5 5809.979
-96 23.5 5815.773
-95 23.5 5826.898
-94 23.5 5829.967
-93 23.5 5830.417
-92 23.5 5829.356
-91 23.5 5830.377
-90 23.5 5828.069
-89 23.5 5823.825
-88 23.5 5818.78
-87 23.5 5815.183
-86 23.5 5812.713
-85 23.5 5810.825
-84 23.5 5810.243
-83 23.5 5809.952
-82 23.5 5808.793
-81 23.5 5807.332
-80 23.5 5805.495
-79 23.5 5803.623
-78 23.5 5801.553
-77 23.5 5799.329
-76 23.5 5796.907
-75 23.5 5794.31
-74 23.5 5791.47
-73 23.5 5788.61
-72 23.5 5786.199
-71 23.5 5784.172
-70 23.5 5782.385
-69 23.5 5780.444
-68 23.5 5779.033
-67 23.5 5779.464
-66 23.5 5781.657
-65 23.5 5784.961
-64 23.5 5789.604
-63 23.5 5794.886
-62 23.5 5799.303
-61 23.5 5802.961
-60 23.5 5806.372
-59 23.5 5809.835
-58 23.5 5812.858
-57 23.5 5814.45
-56 23.5 5814.564
-55 23.5 5814.368
-54 23.5 -9.99e+08
-53 23.5 -9.99e+08
-52 23.5 -9.99e+08
-51 23.5 -9.99e+08
-50 23.5 -9.99e+08
-49 23.5 -9.99e+08
-48 23.5 -9.99e+08
-47 23.5 -9.99e+08
-46 23.5 -9.99e+08
-45 23.5 -9.99e+08
-44 23.5 -9.99e+08
-43 23.5 -9.99e+08
-42 23.5 -9.99e+08
-41 23.5 -9.99e+08
-115 24.5 -9.99e+08
-114 24.5 -9.99e+08
-113 24.5 -9.99e+08
-112 24.5 -9.99e+08
-111 24.5 -9.99e+08
-110 24.5 -9.99e+08
-109 24.5 -9.99e+08
-108 24.5 -9.99e+08
-107 24.5 -9.99e+08
-106 24.5 -9.99e+08
-105 24.5 -9.99e+08
-104 24.5 -9.99e+08
-103 24.5 -9.99e+08
-102 24.5 5850.521
-101 24.5 5813.637
-100 24.5 5822.238
-99 24.5 5786.306
-98 24.5 5800.262
-97 24.5 5804.703
-96 24.5 5809.614
-95 24.5 5818.899
-94 24.5 5821.687
-93 24.5 5819.61
-92 24.5 5817.625
-91 24.5 5819.362
-90 24.5 5816.106
-89 24.5 5812.11
-88 24.5 5807.64
-87 24.5 5804.489
-86 24.5 5802.436
-85 24.5 5800.583
-84 24.5 5798.871
-83 24.5 5797.266
-82 24.5 5795.524
-81 24.5 5793.676
-80 24.5 5791.743
-79 24.5 5790.158
-78 24.5 5788.392
-77 24.5 5786.033
-76 24.5 5783.015
-75 24.5 5779.724
-74 24.5 5775.957
-73 24.5 5772.152
-72 24.5 5769.342
-71 24.5 5767.495
-70 24.5 5766.045
-69 24.5 5764.486
-68 24.5 5763.401
-67 24.5 5763.466
-66 24.5 5764.412
-65 24.5 5766.731
-64 24.5 5771.124
-63 24.5 5776.593
-62 24.5 5781.451
-61 24.5 5786.029
-60 24.5 5790.304
-59 24.5 5794.472
-58 24.5 5798.19
-57 24.5 5800.585
-56 24.5 5801.689
-55 24.5 5802.718
-54 24.5 5804.036
-53 24.5 -9.99e+08
-52 24.5 -9.99e+08
-51 24.5 -9.99e+08
-50 24.5 -9.99e+08
-49 24.5 -9.99e+08
-48 24.5 -9.99e+08
-47 24.5 -9.99e+08
-46 24.5 -9.99e+08
-45 24.5 -9.99e+08
-44 24.5 -9.99e+08
-43 24.5 -9.99e+08
-42 24.5 -9.99e+08
-41 24.5 -9.99e+08
-115 25.5 -9.99e+08
-114 25.5 -9.99e+08
-113 25.5 -9.99e+08
-112 25.5 -9.99e+08
-111 25.5 -9.99e+08
-110 25.5 -9.99e+08
-109 25.5 -9.99e+08
-108 25.5 -9.99e+08
-107 25.5 -9.99e+08
-106 25.5 -9.99e+08
-105 25.5 -9.99e+08
-104 25.5 -9.99e+08
-103 25.5 -9.99e+08
-102 25.5 5816.436
-101 25.5 5794.391
-100 25.5 5768.891
-99 25.5 5781.622
-98 25.5 5793.873
-97 25.5 5798.823
-96 25.5 5801.026
-95 25.5 5808.558
-94 25.5 5810.578
-93 25.5 5810.565
-92 25.5 5808.751
-91 25.5 5805.46
-90 25.5 5802.235
-89 25.5 5798.973
-88 25.5 5795.64
-87 25.5 5793.249
-86 25.5 5791.837
-85 25.5 5790.254
-84 25.5 5788.09
-83 25.5 5785.622
-82 25.5 5782.913
-81 25.5 5779.878
-80 25.5 5776.782
-79 25.5 5774.22
-78 25.5 5771.518
-77 25.5 5768.106
-76 25.5 5764.039
-75 25.5 5759.794
-74 25.5 5755.186
-73 25.5 5750.731
-72 25.5 5747.731
-71 25.5 5746.093
-70 25.5 5745.054
-69 25.5 5744.14
-68 25.5 5743.694
-67 25.5 5743.923
-66 25.5 5744.739
-65 25.5 5746.769
-64 25.5 5750.822
-63 25.5 5755.922
-62 25.5 5760.904
-61 25.5 5765.955
-60 25.5 5770.796
-59 25.5 5775.288
-58 25.5 5779.351
-57 25.5 5782.433
-56 25.5 5784.441
-55 25.5 5786.535
-54 25.5 5789.375
-53 25.5 -9.99e+08
-52 25.5 -9.99e+08
-51 25.5 -9.99e+08
-50 25.5 -9.99e+08
-49 25.5 -9.99e+08
-48 25.5 -9.99e+08
-47 25.5 -9.99e+08
-46 25.5 -9.99e+08
-45 25.5 -9.99e+08
-44 25.5 -9.99e+08
-43 25.5 -9.99e+08
-42 25.5 -9.99e+08
-41 25.5 -9.99e+08
-115 26.5 -9.99e+08
-114 26.5 -9.99e+08
-113 26.5 -9.99e+08
-112 26.5 -9.99e+08
-111 26.5 -9.99e+08
-110 26.5 -9.99e+08
-109 26.5 -9.99e+08
-108 26.5 -9.99e+08
-107 26.5 -9.99e+08
-106 26.5 -9.99e+08
-105 26.5 -9.99e+08
-104 26.5 -9.99e+08
-103 26.5 -9.99e+08
-102 26.5 5752.993
-101 26.5 5760.866
-100 26.5 5761.051
-99 26.5 5775.762
-98 26.5 5787.833
-97 26.5 5792.17
-96 26.5 5794.666
-95 26.5 5795.907
-94 26.5 5796.017
-93 26.5 5793.69
-92 26.5 5791.288
-91 26.5 5788.587
-90 26.5 5786.124
-89 26.5 5784.159
-88 26.5 5782.432
-87 26.5 5781.291
-86 26.5 5780.967
-85 26.5 5780.068
-84 26.5 5777.994
-83 26.5 5775.087
-82 26.5 5771.122
-81 26.5 5765.982
-80 26.5 5760.737
-79 26.5 5755.964
-78 26.5 5751.06
-77 26.5 5745.833
-76 26.5 5740.279
-75 26.5 5734.839
-74 26.5 5729.359
-73 26.5 5724.379
-72 26.5 5721.316
-71 26.5 5720.13
-70 26.5 5719.726
-69 26.5 5719.619
-68 26.5 5720.155
-67 26.5 5721.249
-66 26.5 5722.849
-65 26.5 5725.251
-64 26.5 5728.638
-63 26.5 5732.786
-62 26.5 5737.366
-61 26.5 5742.583
-60 26.5 5747.591
-59 26.5 5752.123
-58 26.5 5756.32
-57 26.5 5759.849
-56 26.5 5762.688
-55 26.5 5765.967
-54 26.5 5770.394
-53 26.5 -9.99e+08
-52 26.5 -9.99e+08
-51 26.5 -9.99e+08
-50 26.5 -9.99e+08
-49 26.5 -9.99e+08
-48 26.5 -9.99e+08
-47 26.5 -9.99e+08
-46 26.5 -9.99e+08
-45 26.5 -9.99e+08
-44 26.5 -9.99e+08
-43 26.5 -9.99e+08
-42 26.5 -9.99e+08
-41 26.5 -9.99e+08
-115 27.5 -9.99e+08
-114 27.5 -9.99e+08
-113 27.5 -9.99e+08
-112 27.5 -9.99e+08
-111 27.5 -9.99e+08
-110 27.5 -9.99e+08
-109 27.5 -9.99e+08
-108 27.5 -9.99e+08
-107 27.5 -9.99e+08
-106 27.5 -9.99e+08
-105 27.5 -9.99e+08
-104 27.5 -9.99e+08
-103 27.5 5715.052
-102 27.5 5730.582
-101 27.5 5736.776
-100 27.5 5756.708
-99 27.5 5767.145
-98 27.5 5779.915
-97 27.5 5784.082
-96 27.5 5784.988
-95 27.5 5782.188
-94 27.5 5780.662
-93 27.5 5777.067
-92 27.5 5774.37
-91 27.5 5772.356
-90 27.5 5770.825
-89 27.5 5769.983
-88 27.5 5769.373
-87 27.5 5768.973
-86 27.5 5769.234
-85 27.5 5768.473
-84 27.5 5766.089
-83 27.5 5762.398
-82 27.5 5756.641
-81 27.5 5749.396
-80 27.5 5741.834
-79 27.5 5734.438
-78 27.5 5726.909
-77 27.5 5719.549
-76 27.5 5712.291
-75 27.5 5705.646
-74 27.5 5699.525
-73 27.5 5694.394
-72 27.5 5691.466
-71 27.5 5690.765
-70 27.5 5691.092
-69 27.5 5692.045
-68 27.5 5693.688
-67 27.5 5695.755
-66 27.5 5698.341
-65 27.5 5701.162
-64 27.5 5704.19
-63 27.5 5707.512
-62 27.5 5711.705
-61 27.5 5716.723
-60 27.5 5721.677
-59 27.5 5726.061
-58 27.5 5730.199
-57 27.5 5734.216
-56 27.5 5737.906
-55 27.5 5742.307
-54 27.5 5748.215
-53 27.5 5754.845
-52 27.5 -9.99e+08
-51 27.5 -9.99e+08
-50 27.5 -9.99e+08
-49 27.5 -9.99e+08
-48 27.5 -9.99e+08
-47 27.5 -9.99e+08
-46 27.5 -9.99e+08
-45 27.5 -9.99e+08
-44 27.5 -9.99e+08
-43 27.5 -9.99e+08
-42 27.5 -9.99e+08
-41 27.5 -9.99e+08
-115 28.5 -9.99e+08
-114 28.5 -9.99e+08
-113 28.5 -9.99e+08
-112 28.5 -9.99e+08
-111 28.5 -9.99e+08
-110 28.5 -9.99e+08
-109 28.5 -9.99e+08
-108 28.5 -9.99e+08
-107 28.5 -9.99e+08
-106 28.5 -9.99e+08
-105 28.5 -9.99e+08
-104 28.5 -9.99e+08
-103 28.5 5703.725
-102 28.5 5716.985
-101 28.5 5727.196
-100 28.5 5744.985
-99 28.5 5757.628
-98 28.5 5769.164
-97 28.5 5773.48
-96 28.5 5772.709
-95 28.5 5768.388
-94 28.5 5765.711
-93 28.5 5761.812
-92 28.5 5759.694
-91 28.5 5759.127
-90 28.5 5758.911
-89 28.5 5758.891
-88 28.5 5758.945
-87 28.5 5758.485
-86 28.5 5757.691
-85 28.5 5755.611
-84 28.5 5751.78
-83 28.5 5746.412
-82 28.5 5738.758
-81 28.5 5729.249
-80 28.5 5719.061
-79 28.5 5708.491
-78 28.5 5697.774
-77 28.5 5688.007
-76 28.5 5678.949
-75 28.5 5671.212
-74 28.5 5664.944
-73 28.5 5660.292
-72 28.5 5657.927
-71 28.5 5657.87
-70 28.5 5659.002
-69 28.5 5661.054
-68 28.5 5663.963
-67 28.5 5666.975
-66 28.5 5670.203
-65 28.5 5673.548
-64 28.5 5676.71
-63 28.5 5679.998
-62 28.5 5683.851
-61 28.5 5688.328
-60 28.5 5692.782
-59 28.5 5696.902
-58 28.5 5701.03
-57 28.5 5705.499
-56 28.5 5710.169
-55 28.5 5715.784
-54 28.5 5722.972
-53 28.5 5731.049
-52 28.5 -9.99e+08
-51 28.5 -9.99e+08
-50 28.5 -9.99e+08
-49 28.5 -9.99e+08
-48 28.5 -9.99e+08
-47 28.5 -9.99e+08
-46 28.5 -9.99e+08
-45 28.5 -9.99e+08
-44 28.5 -9.99e+08
-43 28.5 -9.99e+08
-42 28.5 -9.99e+08
-41 28.5 -9.99e+08
-115 29.5 -9.99e+08
-114 29.5 -9.99e+08
-113 29.5 -9.99e+08
-112 29.5 -9.99e+08
-111 29.5 -9.99e+08
-110 29.5 -9.99e+08
-109 29.5 -9.99e+08
-108 29.5 -9.99e+08
-107 29.5 -9.99e+08
-106 29.5 -9.99e+08
-105 29.5 -9.99e+08
-104 29.5 -9.99e+08
-103 29.5 5683.939
-102 29.5 5699.104
-101 29.5 5711.222
-100 29.5 5728.389
-99 29.5 5743.241
-98 29.5 5756.223
-97 29.5 5760.663
-96 29.5 5755.768
-95 29.5 5753.41
-94 29.5 5750.254
-93 29.5 5746.467
-92 29.5 5745.135
-91 29.5 5746.081
-90 29.5 5747.04
-89 29.5 5747.928
-88 29.5 5748.296
-87 29.5 5747.132
-86 29.5 5744.672
-85 29.5 5740.688
-84 29.5 5734.984
-83 29.5 5727.596
-82 29.5 5717.993
-81 29.5 5706.199
-80 29.5 5693.466
-79 29.5 5679.775
-78 29.5 5665.831
-77 29.5 5653.592
-76 29.5 5642.64
-75 29.5 5633.74
-74 29.5 5627.471
-73 29.5 5623.473
-72 29.5 5621.719
-71 29.5 5622.292
-70 29.5 5624.27
-69 29.5 5627.573
-68 29.5 5631.812
-67 29.5 5635.78
-66 29.5 5639.774
-65 29.5 5643.697
-64 29.5 5647.341
-63 29.5 5650.916
-62 29.5 5654.51
-61 29.5 5658.132
-60 29.5 5661.845
-59 29.5 5665.503
-58 29.5 5669.422
-57 29.5 5674.24
-56 29.5 5679.798
-55 29.5 5686.512
-54 29.5 5694.888
-53 29.5 5704.374
-52 29.5 -9.99e+08
-51 29.5 -9.99e+08
-50 29.5 -9.99e+08
-49 29.5 -9.99e+08
-48 29.5 -9.99e+08
-47 29.5 -9.99e+08
-46 29.5 -9.99e+08
-45 29.5 -9.99e+08
-44 29.5 -9.99e+08
-43 29.5 -9.99e+08
-42 29.5 -9.99e+08
-41 29.5 -9.99e+08
-115 30.5 -9.99e+08
-114 30.5 -9.99e+08
-113 30.5 -9.99e+08
-112 30.5 -9.99e+08
-111 30.5 -9.99e+08
-110 30.5 -9.99e+08
-109 30.5 -9.99e+08
-108 30.5 -9.99e+08
-107 30.5 -9.99e+08
-106 30.5 -9.99e+08
-105 30.5 -9.99e+08
-104 30.5 5664.373
-103 30.5 5660.559
-102 30.5 5677.404
-101 30.5 5693.438
-100 30.5 5709.093
-99 30.5 5724.38
-98 30.5 5737.609
-97 30.5 5744.109
-96 30.5 5741.997
-95 30.5 5737.146
-94 30.5 5733.987
-93 30.5 5730.656
-92 30.5 5729.472
-91 30.5 5730.863
-90 30.5 5732.027
-89 30.5 5732.716
-88 30.5 5732.339
-87 30.5 5730.16
-86 30.5 5726.349
-85 30.5 5720.894
-84 30.5 5713.567
-83 30.5 5704.629
-82 30.5 5693.606
-81 30.5 5680.485
-80 30.5 5666.415
-79 30.5 5651.18
-78 30.5 5635.624
-77 30.5 5621.587
-76 30.5 5608.605
-75 30.5 5598.108
-74 30.5 5591.08
-73 30.5 5586.806
-72 30.5 5585.143
-71 30.5 5586.286
-70 30.5 5589.086
-69 30.5 5593.443
-68 30.5 5598.871
-67 30.5 5603.952
-66 30.5 5608.996
-65 30.5 5613.78
-64 30.5 5618.034
-63 30.5 5621.919
-62 30.5 5625.301
-61 30.5 5628.135
-60 30.5 5631.04
-59 30.5 5634.118
-58 30.5 5637.585
-57 30.5 5642.346
-56 30.5 5648.229
-55 30.5 5655.613
-54 30.5 5665.092
-53 30.5 5675.981
-52 30.5 -9.99e+08
-51 30.5 -9.99e+08
-50 30.5 -9.99e+08
-49 30.5 -9.99e+08
-48 30.5 -9.99e+08
-47 30.5 -9.99e+08
-46 30.5 -9.99e+08
-45 30.5 -9.99e+08
-44 30.5 -9.99e+08
-43 30.5 -9.99e+08
-42 30.5 -9.99e+08
-41 30.5 -9.99e+08
-115 31.5 -9.99e+08
-114 31.5 -9.99e+08
-113 31.5 -9.99e+08
-112 31.5 -9.99e+08
-111 31.5 -9.99e+08
-110 31.5 -9.99e+08
-109 31.5 -9.99e+08
-108 31.5 -9.99e+08
-107 31.5 -9.99e+08
-106 31.5 -9.99e+08
-105 31.5 -9.99e+08
-104 31.5 5611.21
-103 31.5 5633.613
-102 31.5 5652.769
-101 31.5 5671.386
-100 31.5 5682.823
-99 31.5 5700.627
-98 31.5 5714.554
-97 31.5 5722.099
-96 31.5 5721.747
-95 31.5 5721.652
-94 31.5 5717.659
-93 31.5 5714.665
-92 31.5 5712.932
-91 31.5 5715.788
-90 31.5 5718.958
-89 31.5 5714.317
-88 31.5 5711.425
-87 31.5 5709.043
-86 31.5 5703.434
-85 31.5 5693
-84 31.5 5685.557
-83 31.5 5676.044
-82 31.5 5664.546
-81 31.5 5651.441
-80 31.5 5637.169
-79 31.5 5621.906
-78 31.5 5606.314
-77 31.5 5591.139
-76 31.5 5575.879
-75 31.5 5563.222
-74 31.5 5554.716
-73 31.5 5549.38
-72 31.5 5547.458
-71 31.5 5549.159
-70 31.5 5552.851
-69 31.5 5558.157
-68 31.5 5564.717
-67 31.5 5571.007
-66 31.5 5577.4
-65 31.5 5583.292
-64 31.5 5588.217
-63 31.5 5592.384
-62 31.5 5595.538
-61 31.5 5597.582
-60 31.5 5599.677
-59 31.5 5602.098
-58 31.5 5605.018
-57 31.5 5609.449
-56 31.5 5615.153
-55 31.5 5622.815
-54 31.5 5633.294
-53 31.5 5645.585
-52 31.5 5658.617
-51 31.5 -9.99e+08
-50 31.5 -9.99e+08
-49 31.5 -9.99e+08
-48 31.5 -9.99e+08
-47 31.5 -9.99e+08
-46 31.5 -9.99e+08
-45 31.5 -9.99e+08
-44 31.5 -9.99e+08
-43 31.5 -9.99e+08
-42 31.5 -9.99e+08
-41 31.5 -9.99e+08
-115 32.5 -9.99e+08
-114 32.5 -9.99e+08
-113 32.5 -9.99e+08
-112 32.5 -9.99e+08
-111 32.5 -9.99e+08
-110 32.5 -9.99e+08
-109 32.5 -9.99e+08
-108 32.5 -9.99e+08
-107 32.5 -9.99e+08
-106 32.5 -9.99e+08
-105 32.5 -9.99e+08
-104 32.5 5584.144
-103 32.5 5607.792
-102 32.5 5630.583
-101 32.5 5653.558
-100 32.5 5664.316
-99 32.5 5678.431
-98 32.5 5692.451
-97 32.5 5700.418
-96 32.5 5702.785
-95 32.5 5704.926
-94 32.5 5699.343
-93 32.5 5698.111
-92 32.5 5696.856
-91 32.5 5697.765
-90 32.5 5699.051
-89 32.5 5707.709
-88 32.5 5689.493
-87 32.5 5684.679
-86 32.5 5673.638
-85 32.5 5689.837
-84 32.5 5679.053
-83 32.5 5666.215
-82 32.5 5636.038
-81 32.5 5623.169
-80 32.5 5609.213
-79 32.5 5594.227
-78 32.5 5578.898
-77 32.5 5563.021
-76 32.5 5546.088
-75 32.5 5531.59
-74 32.5 5521.333
-73 32.5 5514.347
-72 32.5 5511.579
-71 32.5 5513.226
-70 32.5 5517.278
-69 32.5 5523.388
-68 32.5 5531.086
-67 32.5 5538.551
-66 32.5 5546.262
-65 32.5 5553.213
-64 32.5 5558.837
-63 32.5 5564.731
-62 32.5 5567.534
-61 32.5 5567.933
-60 32.5 5569.454
-59 32.5 5571.322
-58 32.5 5573.563
-57 32.5 5577.436
-56 32.5 5582.667
-55 32.5 5590.241
-54 32.5 5601.239
-53 32.5 5614.444
-52 32.5 5628.366
-51 32.5 -9.99e+08
-50 32.5 -9.99e+08
-49 32.5 -9.99e+08
-48 32.5 -9.99e+08
-47 32.5 -9.99e+08
-46 32.5 -9.99e+08
-45 32.5 -9.99e+08
-44 32.5 -9.99e+08
-43 32.5 -9.99e+08
-42 32.5 -9.99e+08
-41 32.5 -9.99e+08
-115 33.5 -9.99e+08
-114 33.5 -9.99e+08
-113 33.5 -9.99e+08
-112 33.5 -9.99e+08
-111 33.5 -9.99e+08
-110 33.5 -9.99e+08
-109 33.5 -9.99e+08
-108 33.5 -9.99e+08
-107 33.5 -9.99e+08
-106 33.5 -9.99e+08
-105 33.5 5617.993
-104 33.5 5546.756
-103 33.5 5591.923
-102 33.5 5616.2
-101 33.5 5637.743
-100 33.5 5642.768
-99 33.5 5661.214
-98 33.5 5673.443
-97 33.5 5681.846
-96 33.5 5687.762
-95 33.5 5690.847
-94 33.5 5694.247
-93 33.5 5696.603
-92 33.5 5683.639
-91 33.5 5682.275
-90 33.5 5680.977
-89 33.5 5677.269
-88 33.5 5669.723
-87 33.5 5682.624
-86 33.5 5677.803
-85 33.5 5672.961
-84 33.5 5662.029
-83 33.5 5648.827
-82 33.5 5628.942
-81 33.5 5607.131
-80 33.5 5582.501
-79 33.5 5568.784
-78 33.5 5554.307
-77 33.5 5538.539
-76 33.5 5521.311
-75 33.5 5505.856
-74 33.5 5493.044
-73 33.5 5482.942
-72 33.5 5478.139
-71 33.5 5478.443
-70 33.5 5481.956
-69 33.5 5488.703
-68 33.5 5497.755
-67 33.5 5506.547
-66 33.5 5515.502
-65 33.5 5524.243
-64 33.5 5533.048
-63 33.5 5539.587
-62 33.5 5543.909
-61 33.5 5545.968
-60 33.5 5547.35
-59 33.5 5548.163
-58 33.5 5548.039
-57 33.5 5549.693
-56 33.5 5552.265
-55 33.5 5557.838
-54 33.5 5568.457
-53 33.5 5581.689
-52 33.5 5596.063
-51 33.5 5611.973
-50 33.5 -9.99e+08
-49 33.5 -9.99e+08
-48 33.5 -9.99e+08
-47 33.5 -9.99e+08
-46 33.5 -9.99e+08
-45 33.5 -9.99e+08
-44 33.5 -9.99e+08
-43 33.5 -9.99e+08
-42 33.5 -9.99e+08
-41 33.5 -9.99e+08
-115 34.5 -9.99e+08
-114 34.5 -9.99e+08
-113 34.5 -9.99e+08
-112 34.5 -9.99e+08
-111 34.5 -9.99e+08
-110 34.5 -9.99e+08
-109 34.5 -9.99e+08
-108 34.5 -9.99e+08
-107 34.5 -9.99e+08
-106 34.5 -9.99e+08
-105 34.5 5574.281
-104 34.5 5612.059
-103 34.5 5579.964
-102 34.5 5608.166
-101 34.5 5627.594
-100 34.5 5632.105
-99 34.5 5646.392
-98 34.5 5656.53
-97 34.5 5665.864
-96 34.5 5673.94
-95 34.5 5681.781
-94 34.5 5688.236
-93 34.5 5687.58
-92 34.5 5678.551
-91 34.5 5666.882
-90 34.5 5663.897
-89 34.5 5657.989
-88 34.5 5667.925
-87 34.5 5663.383
-86 34.5 5660.331
-85 34.5 5649.613
-84 34.5 5638.357
-83 34.5 5623.155
-82 34.5 5608.179
-81 34.5 5598.5
-80 34.5 5572.131
-79 34.5 5543.731
-78 34.5 5531.496
-77 34.5 5516.139
-76 34.5 5499.121
-75 34.5 5483.158
-74 34.5 5468.027
-73 34.5 5454.707
-72 34.5 5447.233
-71 34.5 5445.6
-70 34.5 5450.687
-69 34.5 5456.004
-68 34.5 5466.139
-67 34.5 5476.024
-66 34.5 5486.344
-65 34.5 5496.625
-64 34.5 5505.489
-63 34.5 5512.949
-62 34.5 5517.753
-61 34.5 5519.934
-60 34.5 5520.981
-59 34.5 5520.812
-58 34.5 5520.314
-57 34.5 5521.732
-56 34.5 5524.545
-55 34.5 5530.227
-54 34.5 5539.739
-53 34.5 5552.054
-52 34.5 5566.249
-51 34.5 5582.662
-50 34.5 -9.99e+08
-49 34.5 -9.99e+08
-48 34.5 -9.99e+08
-47 34.5 -9.99e+08
-46 34.5 -9.99e+08
-45 34.5 -9.99e+08
-44 34.5 -9.99e+08
-43 34.5 -9.99e+08
-42 34.5 -9.99e+08
-41 34.5 -9.99e+08
-115 35.5 -9.99e+08
-114 35.5 -9.99e+08
-113 35.5 -9.99e+08
-112 35.5 -9.99e+08
-111 35.5 -9.99e+08
-110 35.5 -9.99e+08
-109 35.5 -9.99e+08
-108 35.5 -9.99e+08
-107 35.5 -9.99e+08
-106 35.5 5527.126
-105 35.5 5561.495
-104 35.5 5592.364
-103 35.5 5555.656
-102 35.5 5598.928
-101 35.5 5618.218
-100 35.5 5625.297
-99 35.5 5633.045
-98 35.5 5642.107
-97 35.5 5650.439
-96 35.5 5658.53
-95 35.5 5666.996
-94 35.5 5672.475
-93 35.5 5676.096
-92 35.5 5673.833
-91 35.5 5650.216
-90 35.5 5646.41
-89 35.5 5638.423
-88 35.5 5651.225
-87 35.5 5644.117
-86 35.5 5638.664
-85 35.5 5627.783
-84 35.5 5618.25
-83 35.5 5621.456
-82 35.5 5589.491
-81 35.5 5572.996
-80 35.5 5558.814
-79 35.5 5535.414
-78 35.5 5507.87
-77 35.5 5492.991
-76 35.5 5475.892
-75 35.5 5459.802
-74 35.5 5444.254
-73 35.5 5430.35
-72 35.5 5421.904
-71 35.5 5423.866
-70 35.5 5424.903
-69 35.5 5430.741
-68 35.5 5440.138
-67 35.5 5450.22
-66 35.5 5461.595
-65 35.5 5472.177
-64 35.5 5481.058
-63 35.5 5488.36
-62 35.5 5492.616
-61 35.5 5494.77
-60 35.5 5495.198
-59 35.5 5493.959
-58 35.5 5492.073
-57 35.5 5492.684
-56 35.5 5495.23
-55 35.5 5501.124
-54 35.5 5510.854
-53 35.5 5523.575
-52 35.5 5538.412
-51 35.5 5555.811
-50 35.5 -9.99e+08
-49 35.5 -9.99e+08
-48 35.5 -9.99e+08
-47 35.5 -9.99e+08
-46 35.5 -9.99e+08
-45 35.5 -9.99e+08
-44 35.5 -9.99e+08
-43 35.5 -9.99e+08
-42 35.5 -9.99e+08
-41 35.5 -9.99e+08
-115 36.5 -9.99e+08
-114 36.5 -9.99e+08
-113 36.5 -9.99e+08
-112 36.5 -9.99e+08
-111 36.5 -9.99e+08
-110 36.5 -9.99e+08
-109 36.5 -9.99e+08
-108 36.5 -9.99e+08
-107 36.5 -9.99e+08
-106 36.5 5521.652
-105 36.5 5555.198
-104 36.5 5592.98
-103 36.5 5609.193
-102 36.5 5595.151
-101 36.5 5608.679
-100 36.5 5614.75
-99 36.5 5619.761
-98 36.5 5627.509
-97 36.5 5635.263
-96 36.5 5642.753
-95 36.5 5651.094
-94 36.5 5658.775
-93 36.5 5658.842
-92 36.5 5657.287
-91 36.5 5642.453
-90 36.5 5629.993
-89 36.5 5621.351
-88 36.5 5611.486
-87 36.5 5624.109
-86 36.5 5621.437
-85 36.5 5606.035
-84 36.5 5594.902
-83 36.5 5583.68
-82 36.5 5585.854
-81 36.5 5562.384
-80 36.5 5538.677
-79 36.5 5520.76
-78 36.5 5495.77
-77 36.5 5468.273
-76 36.5 5451.381
-75 36.5 5435.704
-74 36.5 5421.611
-73 36.5 5409.936
-72 36.5 5402.619
-71 36.5 5399.736
-70 36.5 5404.939
-69 36.5 5411.042
-68 36.5 5420.569
-67 36.5 5430.478
-66 36.5 5441.577
-65 36.5 5451.413
-64 36.5 5459.249
-63 36.5 5465.496
-62 36.5 5469.101
-61 36.5 5470.092
-60 36.5 5469.659
-59 36.5 5467.463
-58 36.5 5464.847
-57 36.5 5465.312
-56 36.5 5468.157
-55 36.5 5474.318
-54 36.5 5484.838
-53 36.5 5498.85
-52 36.5 5514.807
-51 36.5 5533.208
-50 36.5 5552.489
-49 36.5 -9.99e+08
-48 36.5 -9.99e+08
-47 36.5 -9.99e+08
-46 36.5 -9.99e+08
-45 36.5 -9.99e+08
-44 36.5 -9.99e+08
-43 36.5 -9.99e+08
-42 36.5 -9.99e+08
-41 36.5 -9.99e+08
-115 37.5 -9.99e+08
-114 37.5 -9.99e+08
-113 37.5 -9.99e+08
-112 37.5 -9.99e+08
-111 37.5 -9.99e+08
-110 37.5 -9.99e+08
-109 37.5 -9.99e+08
-108 37.5 -9.99e+08
-107 37.5 -9.99e+08
-106 37.5 5527.481
-105 37.5 5559.523
-104 37.5 5594.941
-103 37.5 5622.104
-102 37.5 5590.987
-101 37.5 5601.674
-100 37.5 5606.18
-99 37.5 5610.287
-98 37.5 5616.127
-97 37.5 5623.064
-96 37.5 5628.919
-95 37.5 5634.558
-94 37.5 5639.689
-93 37.5 5642.192
-92 37.5 5640.902
-91 37.5 5637.555
-90 37.5 5624.293
-89 37.5 5605.456
-88 37.5 5595.746
-87 37.5 5596.48
-86 37.5 5593.426
-85 37.5 5586.343
-84 37.5 5574.777
-83 37.5 5564.176
-82 37.5 5553.018
-81 37.5 5546.35
-80 37.5 5524.319
-79 37.5 5502.069
-78 37.5 5479.502
-77 37.5 5454.696
-76 37.5 5431.063
-75 37.5 5416.433
-74 37.5 5403.896
-73 37.5 5394.163
-72 37.5 5387.806
-71 37.5 5384.807
-70 37.5 5389.334
-69 37.5 5395.185
-68 37.5 5404.506
-67 37.5 5414.095
-66 37.5 5424.39
-65 37.5 5433.717
-64 37.5 5440.505
-63 37.5 5445.393
-62 37.5 5447.812
-61 37.5 5447.66
-60 37.5 5446.109
-59 37.5 5442.78
-58 37.5 5438.945
-57 37.5 5438.991
-56 37.5 5441.918
-55 37.5 5448.884
-54 37.5 5460.727
-53 37.5 5475.827
-52 37.5 5493.023
-51 37.5 5512.635
-50 37.5 5533.045
-49 37.5 -9.99e+08
-48 37.5 -9.99e+08
-47 37.5 -9.99e+08
-46 37.5 -9.99e+08
-45 37.5 -9.99e+08
-44 37.5 -9.99e+08
-43 37.5 -9.99e+08
-42 37.5 -9.99e+08
-41 37.5 -9.99e+08
-115 38.5 -9.99e+08
-114 38.5 -9.99e+08
-113 38.5 -9.99e+08
-112 38.5 -9.99e+08
-111 38.5 -9.99e+08
-110 38.5 -9.99e+08
-109 38.5 -9.99e+08
-108 38.5 -9.99e+08
-107 38.5 5514.608
-106 38.5 5539.295
-105 38.5 5575.48
-104 38.5 5595.291
-103 38.5 5609.059
-102 38.5 5592.886
-101 38.5 5598.587
-100 38.5 5597.96
-99 38.5 5601.272
-98 38.5 5605.857
-97 38.5 5610.729
-96 38.5 5615.146
-95 38.5 5618.385
-94 38.5 5621.518
-93 38.5 5620.22
-92 38.5 5619.432
-91 38.5 5614.28
-90 38.5 5594.8
-89 38.5 5587.884
-88 38.5 5577.824
-87 38.5 5566.05
-86 38.5 5574.544
-85 38.5 5562.377
-84 38.5 5555.676
-83 38.5 5543.506
-82 38.5 5530.706
-81 38.5 5520.806
-80 38.5 5527.062
-79 38.5 5490.809
-78 38.5 5465.073
-77 38.5 5441.328
-76 38.5 5424.008
-75 38.5 5402.557
-74 38.5 5391.114
-73 38.5 5382.157
-72 38.5 5376.278
-71 38.5 5376.664
-70 38.5 5377.45
-69 38.5 5382.678
-68 38.5 5391.124
-67 38.5 5399.912
-66 38.5 5409.88
-65 38.5 5418.656
-64 38.5 5424.212
-63 38.5 5427.852
-62 38.5 5428.615
-61 38.5 5426.521
-60 38.5 5423.138
-59 38.5 5417.765
-58 38.5 5412.979
-57 38.5 5412.171
-56 38.5 5414.83
-55 38.5 5421.887
-54 38.5 5434.482
-53 38.5 5452.244
-52 38.5 5471.246
-51 38.5 5492.916
-50 38.5 5515.19
-49 38.5 5537.472
-48 38.5 -9.99e+08
-47 38.5 -9.99e+08
-46 38.5 -9.99e+08
-45 38.5 -9.99e+08
-44 38.5 -9.99e+08
-43 38.5 -9.99e+08
-42 38.5 -9.99e+08
-41 38.5 -9.99e+08
-115 39.5 -9.99e+08
-114 39.5 -9.99e+08
-113 39.5 -9.99e+08
-112 39.5 -9.99e+08
-111 39.5 -9.99e+08
-110 39.5 -9.99e+08
-109 39.5 -9.99e+08
-108 39.5 -9.99e+08
-107 39.5 5548.608
-106 39.5 5561.382
-105 39.5 5588.189
-104 39.5 5605.871
-103 39.5 5616.723
-102 39.5 5591.818
-101 39.5 5596.171
-100 39.5 5592.853
-99 39.5 5593.431
-98 39.5 5596.148
-97 39.5 5598.638
-96 39.5 5600.949
-95 39.5 5602.121
-94 39.5 5604.801
-93 39.5 5600.938
-92 39.5 5600.812
-91 39.5 5599.396
-90 39.5 5583.625
-89 39.5 5571.283
-88 39.5 5577.688
-87 39.5 5564.51
-86 39.5 5557.292
-85 39.5 5545.491
-84 39.5 5536.368
-83 39.5 5526.43
-82 39.5 5514.453
-81 39.5 5502.181
-80 39.5 5490.231
-79 39.5 5476.886
-78 39.5 5452.705
-77 39.5 5436.286
-76 39.5 5419.307
-75 39.5 5402.087
-74 39.5 5390.687
-73 39.5 5381.251
-72 39.5 5374.546
-71 39.5 5370.277
-70 39.5 5369.546
-69 39.5 5373.704
-68 39.5 5380.833
-67 39.5 5388.721
-66 39.5 5398.264
-65 39.5 5406.592
-64 39.5 5411.08
-63 39.5 5413.167
-62 39.5 5412.211
-61 39.5 5407.924
-60 39.5 5402.569
-59 39.5 5396.255
-58 39.5 5390.302
-57 39.5 5388.59
-56 39.5 5390.837
-55 39.5 5398.179
-54 39.5 5412.018
-53 39.5 5430.867
-52 39.5 5452.139
-51 39.5 5475.781
-50 39.5 5499.979
-49 39.5 5523.548
-48 39.5 -9.99e+08
-47 39.5 -9.99e+08
-46 39.5 -9.99e+08
-45 39.5 -9.99e+08
-44 39.5 -9.99e+08
-43 39.5 -9.99e+08
-42 39.5 -9.99e+08
-41 39.5 -9.99e+08
-115 40.5 -9.99e+08
-114 40.5 -9.99e+08
-113 40.5 -9.99e+08
-112 40.5 -9.99e+08
-111 40.5 -9.99e+08
-110 40.5 -9.99e+08
-109 40.5 -9.99e+08
-108 40.5 5561.189
-107 40.5 5568.873
-106 40.5 5584.43
-105 40.5 5589.573
-104 40.5 5592.062
-103 40.5 5592.608
-102 40.5 5585.394
-101 40.5 5587.967
-100 40.5 5584.508
-99 40.5 5584.93
-98 40.5 5585.537
-97 40.5 5586.812
-96 40.5 5587.622
-95 40.5 5588.642
-94 40.5 5590.273
-93 40.5 5586.964
-92 40.5 5585.73
-91 40.5 5584.736
-90 40.5 5581.568
-89 40.5 5575.164
-88 40.5 5566.141
-87 40.5 5555.609
-86 40.5 5543.496
-85 40.5 5531.629
-84 40.5 5521.644
-83 40.5 5514.11
-82 40.5 5502.307
-81 40.5 5490.814
-80 40.5 5478.128
-79 40.5 5466.651
-78 40.5 5450.643
-77 40.5 5433.885
-76 40.5 5420.404
-75 40.5 5407.097
-74 40.5 5395.403
-73 40.5 5382.181
-72 40.5 5374.162
-71 40.5 5366.706
-70 40.5 5364.197
-69 40.5 5366.805
-68 40.5 5372.739
-67 40.5 5379.919
-66 40.5 5389.189
-65 40.5 5397.052
-64 40.5 5401.311
-63 40.5 5403.184
-62 40.5 5401.793
-61 40.5 5396.975
-60 40.5 5391.274
-59 40.5 5384.767
-58 40.5 5378.748
-57 40.5 5377.167
-56 40.5 5379.077
-55 40.5 5386.582
-54 40.5 5400.664
-53 40.5 5419.677
-52 40.5 5440.788
-51 40.5 5464.684
-50 40.5 5488.834
-49 40.5 5512.91
-48 40.5 -9.99e+08
-47 40.5 -9.99e+08
-46 40.5 -9.99e+08
-45 40.5 -9.99e+08
-44 40.5 -9.99e+08
-43 40.5 -9.99e+08
-42 40.5 -9.99e+08
-41 40.5 -9.99e+08
-115 41.5 -9.99e+08
-114 41.5 -9.99e+08
-113 41.5 -9.99e+08
-112 41.5 -9.99e+08
-111 41.5 -9.99e+08
-110 41.5 -9.99e+08
-109 41.5 -9.99e+08
-108 41.5 5574.083
-107 41.5 5578.961
-106 41.5 5587.86
-105 41.5 5596.023
-104 41.5 5597.834
-103 41.5 5572.29
-102 41.5 5578.867
-101 41.5 5581.169
-100 41.5 5578.828
-99 41.5 5573.044
-98 41.5 5573.628
-97 41.5 5575.105
-96 41.5 5575.859
-95 41.5 5576.797
-94 41.5 5578.18
-93 41.5 5574.989
-92 41.5 5574.004
-91 41.5 5572.685
-90 41.5 5569.296
-89 41.5 5562.685
-88 41.5 5553.909
-87 41.5 5544.221
-86 41.5 5533.076
-85 41.5 5521.935
-84 41.5 5510.495
-83 41.5 5503.017
-82 41.5 5491.949
-81 41.5 5482.165
-80 41.5 5473.676
-79 41.5 5465.337
-78 41.5 5455.748
-77 41.5 5443.379
-76 41.5 5432.01
-75 41.5 5419.949
-74 41.5 5403.956
-73 41.5 5390.352
-72 41.5 5378.168
-71 41.5 5368.146
-70 41.5 5360.834
-69 41.5 5361.354
-68 41.5 5366.052
-67 41.5 5372.574
-66 41.5 5382.072
-65 41.5 5390.178
-64 41.5 5394.852
-63 41.5 5397.254
-62 41.5 5396.708
-61 41.5 5392.872
-60 41.5 5388.122
-59 41.5 5382.874
-58 41.5 5377.958
-57 41.5 5377.057
-56 41.5 5379.327
-55 41.5 5386.316
-54 41.5 5399.635
-53 41.5 5417.422
-52 41.5 5437.152
-51 41.5 5459.601
-50 41.5 5482.394
-49 41.5 5505.646
-48 41.5 5527.59
-47 41.5 -9.99e+08
-46 41.5 -9.99e+08
-45 41.5 -9.99e+08
-44 41.5 -9.99e+08
-43 41.5 -9.99e+08
-42 41.5 -9.99e+08
-41 41.5 -9.99e+08
-115 42.5 -9.99e+08
-114 42.5 -9.99e+08
-113 42.5 -9.99e+08
-112 42.5 -9.99e+08
-111 42.5 -9.99e+08
-110 42.5 -9.99e+08
-109 42.5 5580.329
-108 42.5 5577.649
-107 42.5 5579.075
-106 42.5 5585.369
-105 42.5 5591.635
-104 42.5 5570.736
-103 42.5 5567.536
-102 42.5 5570.377
-101 42.5 5568.231
-100 42.5 5562.634
-99 42.5 5559.438
-98 42.5 5561.302
-97 42.5 5562.909
-96 42.5 5563.958
-95 42.5 5564.738
-94 42.5 5566.013
-93 42.5 5567.742
-92 42.5 5563.01
-91 42.5 5561.294
-90 42.5 5560.833
-89 42.5 5551.201
-88 42.5 5542.807
-87 42.5 5533.199
-86 42.5 5522.915
-85 42.5 5513.128
-84 42.5 5502.858
-83 42.5 5491.311
-82 42.5 5481.876
-81 42.5 5475.036
-80 42.5 5464.726
-79 42.5 5461.016
-78 42.5 5457.495
-77 42.5 5448.555
-76 42.5 5442.265
-75 42.5 5433.711
-74 42.5 5417.126
-73 42.5 5401.999
-72 42.5 5387.517
-71 42.5 5373.054
-70 42.5 5364.301
-69 42.5 5362.893
-68 42.5 5366.541
-67 42.5 5372.385
-66 42.5 5381.23
-65 42.5 5389.148
-64 42.5 5394.11
-63 42.5 5396.971
-62 42.5 5397.075
-61 42.5 5393.139
-60 42.5 5389.798
-59 42.5 5386.136
-58 42.5 5383.175
-57 42.5 5383.375
-56 42.5 5386.417
-55 42.5 5393.374
-54 42.5 5405.386
-53 42.5 5421.273
-52 42.5 5438.938
-51 42.5 5458.887
-50 42.5 5479.272
-49 42.5 5500.677
-48 42.5 5520.666
-47 42.5 -9.99e+08
-46 42.5 -9.99e+08
-45 42.5 -9.99e+08
-44 42.5 -9.99e+08
-43 42.5 -9.99e+08
-42 42.5 -9.99e+08
-41 42.5 -9.99e+08
-115 43.5 -9.99e+08
-114 43.5 -9.99e+08
-113 43.5 -9.99e+08
-112 43.5 -9.99e+08
-111 43.5 -9.99e+08
-110 43.5 -9.99e+08
-109 43.5 5572.629
-108 43.5 5564.054
-107 43.5 5567.435
-106 43.5 5575.201
-105 43.5 5554.671
-104 43.5 5558.59
-103 43.5 5551.985
-102 43.5 5554.048
-101 43.5 5548.353
-100 43.5 5544.649
-99 43.5 5546.612
-98 43.5 5547.988
-97 43.5 5548.833
-96 43.5 5550.026
-95 43.5 5551.28
-94 43.5 5552.636
-93 43.5 5553.092
-92 43.5 5552.808
-91 43.5 5552.315
-90 43.5 5549.022
-89 43.5 5539.446
-88 43.5 5532.215
-87 43.5 5523.235
-86 43.5 5514.43
-85 43.5 5504.634
-84 43.5 5493.352
-83 43.5 5483.612
-82 43.5 5473.667
-81 43.5 5471.342
-80 43.5 5462.954
-79 43.5 5453.226
-78 43.5 5448.829
-77 43.5 5444.78
-76 43.5 5444.249
-75 43.5 5442.657
-74 43.5 5430.168
-73 43.5 5414.269
-72 43.5 5401.483
-71 43.5 5388.262
-70 43.5 5377.952
-69 43.5 5376.094
-68 43.5 5378.408
-67 43.5 5382.478
-66 43.5 5389.471
-65 43.5 5395.806
-64 43.5 5399.748
-63 43.5 5401.693
-62 43.5 5401.469
-61 43.5 5398.291
-60 43.5 5396.057
-59 43.5 5394.501
-58 43.5 5393.917
-57 43.5 5396.148
-56 43.5 5400.883
-55 43.5 5408.267
-54 43.5 5418.949
-53 43.5 5432.062
-52 43.5 5446.575
-51 43.5 5462.832
-50 43.5 5479.951
-49 43.5 5497.912
-48 43.5 5514.405
-47 43.5 5529.854
-46 43.5 -9.99e+08
-45 43.5 -9.99e+08
-44 43.5 -9.99e+08
-43 43.5 -9.99e+08
-42 43.5 -9.99e+08
-41 43.5 -9.99e+08
-115 44.5 -9.99e+08
-114 44.5 -9.99e+08
-113 44.5 -9.99e+08
-112 44.5 -9.99e+08
-111 44.5 -9.99e+08
-110 44.5 5573.629
-109 44.5 5555.146
-108 44.5 5547.201
-107 44.5 5551.374
-106 44.5 5529.65
-105 44.5 5537.919
-104 44.5 5546.112
-103 44.5 5538.502
-102 44.5 5541.299
-101 44.5 5532.216
-100 44.5 5532.567
-99 44.5 5533.499
-98 44.5 5534.232
-97 44.5 5534.054
-96 44.5 5536.702
-95 44.5 5538.42
-94 44.5 5539.309
-93 44.5 5539.718
-92 44.5 5539.208
-91 44.5 5537.758
-90 44.5 5535.097
-89 44.5 5527.687
-88 44.5 5521.407
-87 44.5 5513.663
-86 44.5 5505.351
-85 44.5 5497.324
-84 44.5 5487.21
-83 44.5 5475.263
-82 44.5 5466.605
-81 44.5 5461.888
-80 44.5 5456.679
-79 44.5 5457.325
-78 44.5 5454.553
-77 44.5 5450.497
-76 44.5 5446.48
-75 44.5 5446.927
-74 44.5 5443.401
-73 44.5 5427.263
-72 44.5 5419.864
-71 44.5 5411.495
-70 44.5 5399.56
-69 44.5 5397.288
-68 44.5 5398.186
-67 44.5 5400.202
-66 44.5 5405.787
-65 44.5 5412.417
-64 44.5 5410.294
-63 44.5 5409.62
-62 44.5 5408.885
-61 44.5 5406.135
-60 44.5 5405.038
-59 44.5 5405.774
-58 44.5 5407.997
-57 44.5 5412.538
-56 44.5 5419.633
-55 44.5 5428.956
-54 44.5 5438.411
-53 44.5 5448.876
-52 44.5 5460.082
-51 44.5 5471.966
-50 44.5 5484.167
-49 44.5 5496.801
-48 44.5 5509.404
-47 44.5 5521.529
-46 44.5 -9.99e+08
-45 44.5 -9.99e+08
-44 44.5 -9.99e+08
-43 44.5 -9.99e+08
-42 44.5 -9.99e+08
-41 44.5 -9.99e+08
-115 45.5 -9.99e+08
-114 45.5 -9.99e+08
-113 45.5 -9.99e+08
-112 45.5 -9.99e+08
-111 45.5 -9.99e+08
-110 45.5 5553.824
-109 45.5 5541.644
-108 45.5 5525.82
-107 45.5 5520.084
-106 45.5 5523.366
-105 45.5 5526.196
-104 45.5 5529.492
-103 45.5 5532.21
-102 45.5 5527.375
-101 45.5 5520.919
-100 45.5 5522.073
-99 45.5 5522.709
-98 45.5 5522.667
-97 45.5 5522.997
-96 45.5 5525.257
-95 45.5 5526.431
-94 45.5 5527.21
-93 45.5 5526.952
-92 45.5 5526.145
-91 45.5 5524.215
-90 45.5 5520.719
-89 45.5 5516.546
-88 45.5 5509.664
-87 45.5 5501.534
-86 45.5 5492.385
-85 45.5 5483.872
-84 45.5 5474.99
-83 45.5 5465.842
-82 45.5 5459.459
-81 45.5 5454.078
-80 45.5 5452.878
-79 45.5 5457.566
-78 45.5 5458.287
-77 45.5 5455.108
-76 45.5 5452.528
-75 45.5 5449.321
-74 45.5 5442.108
-73 45.5 5435.238
-72 45.5 5432.895
-71 45.5 5431.355
-70 45.5 5425.276
-69 45.5 5421.642
-68 45.5 5421.118
-67 45.5 5422.088
-66 45.5 5423.018
-65 45.5 5423.966
-64 45.5 5421.926
-63 45.5 5420.679
-62 45.5 5418.469
-61 45.5 5413.099
-60 45.5 5411.576
-59 45.5 5413.473
-58 45.5 5417.796
-57 45.5 5423.865
-56 45.5 5432.626
-55 45.5 5441.613
-54 45.5 5450.049
-53 45.5 5458.542
-52 45.5 5467.333
-51 45.5 5476.398
-50 45.5 5485.741
-49 45.5 5495.581
-48 45.5 5505.702
-47 45.5 5516.792
-46 45.5 5526.856
-45 45.5 -9.99e+08
-44 45.5 -9.99e+08
-43 45.5 -9.99e+08
-42 45.5 -9.99e+08
-41 45.5 -9.99e+08
-115 46.5 -9.99e+08
-114 46.5 -9.99e+08
-113 46.5 -9.99e+08
-112 46.5 -9.99e+08
-111 46.5 5548.918
-110 46.5 5536.919
-109 46.5 5522.617
-108 46.5 5518.614
-107 46.5 5515.755
-106 46.5 5515.967
-105 46.5 5518.66
-104 46.5 5521.092
-103 46.5 5521.752
-102 46.5 5514.47
-101 46.5 5513.699
-100 46.5 5513.314
-99 46.5 5513.064
-98 46.5 5514.07
-97 46.5 5514.647
-96 46.5 5515.121
-95 46.5 5515.632
-94 46.5 5516.118
-93 46.5 5515.75
-92 46.5 5514.041
-91 46.5 5511.925
-90 46.5 5508.568
-89 46.5 5503.967
-88 46.5 5497.184
-87 46.5 5487.21
-86 46.5 5478.625
-85 46.5 5469.868
-84 46.5 5463.934
-83 46.5 5459.68
-82 46.5 5459.409
-81 46.5 5457.096
-80 46.5 5456.38
-79 46.5 5457.016
-78 46.5 5459.245
-77 46.5 5460.712
-76 46.5 5460.251
-75 46.5 5461.972
-74 46.5 5461.662
-73 46.5 5450.885
-72 46.5 5444.797
-71 46.5 5446.419
-70 46.5 5447.774
-69 46.5 5447.476
-68 46.5 5445.622
-67 46.5 5448.701
-66 46.5 5440.988
-65 46.5 5435.904
-64 46.5 5429.854
-63 46.5 5423.757
-62 46.5 5418.961
-61 46.5 5420.49
-60 46.5 5416.203
-59 46.5 5417.828
-58 46.5 5423.573
-57 46.5 5430.468
-56 46.5 5439.477
-55 46.5 5448.135
-54 46.5 5455.9
-53 46.5 5463.188
-52 46.5 5470.422
-51 46.5 5477.757
-50 46.5 5485.465
-49 46.5 5493.905
-48 46.5 5503.6
-47 46.5 5512.335
-46 46.5 5521.637
-45 46.5 -9.99e+08
-44 46.5 -9.99e+08
-43 46.5 -9.99e+08
-42 46.5 -9.99e+08
-41 46.5 -9.99e+08
-115 47.5 -9.99e+08
-114 47.5 -9.99e+08
-113 47.5 -9.99e+08
-112 47.5 -9.99e+08
-111 47.5 5525.832
-110 47.5 5519.282
-109 47.5 5515.463
-108 47.5 5511.283
-107 47.5 5510.412
-106 47.5 5509.369
-105 47.5 5505.866
-104 47.5 5504.514
-103 47.5 5506.264
-102 47.5 5505.342
-101 47.5 5504.973
-100 47.5 5504.593
-99 47.5 5504.747
-98 47.5 5504.961
-97 47.5 5506.141
-96 47.5 5505.614
-95 47.5 5505.105
-94 47.5 5504.982
-93 47.5 5504.201
-92 47.5 5501.941
-91 47.5 5498.645
-90 47.5 5492.858
-89 47.5 5489.561
-88 47.5 5479.529
-87 47.5 5471.279
-86 47.5 5462.137
-85 47.5 5454.861
-84 47.5 5453.89
-83 47.5 5450.376
-82 47.5 5449.124
-81 47.5 5450.082
-80 47.5 5451.764
-79 47.5 5455.146
-78 47.5 5459.666
-77 47.5 5463.065
-76 47.5 5466.267
-75 47.5 5468.778
-74 47.5 5468.017
-73 47.5 5464.272
-72 47.5 5468.863
-71 47.5 5478.449
-70 47.5 5460.863
-69 47.5 5466.225
-68 47.5 5468.586
-67 47.5 5469.232
-66 47.5 5462.621
-65 47.5 5449.708
-64 47.5 5441.021
-63 47.5 5435.554
-62 47.5 5428.256
-61 47.5 5423.009
-60 47.5 5422.01
-59 47.5 5427.247
-58 47.5 5433.688
-57 47.5 5441.687
-56 47.5 5449.878
-55 47.5 5458.708
-54 47.5 5464.116
-53 47.5 5471.938
-52 47.5 5475.099
-51 47.5 5481.174
-50 47.5 5488.425
-49 47.5 5496.054
-48 47.5 5503.279
-47 47.5 5511.074
-46 47.5 5519.473
-45 47.5 5527.242
-44 47.5 -9.99e+08
-43 47.5 -9.99e+08
-42 47.5 -9.99e+08
-41 47.5 -9.99e+08
-115 48.5 -9.99e+08
-114 48.5 -9.99e+08
-113 48.5 -9.99e+08
-112 48.5 5521.308
-111 48.5 5514.533
-110 48.5 5508.341
-109 48.5 5505.816
-108 48.5 5503.287
-107 48.5 5501.4
-106 48.5 5500.723
-105 48.5 5495.783
-104 48.5 5494.805
-103 48.5 5496.147
-102 48.5 5495.562
-101 48.5 5495.861
-100 48.5 5495.462
-99 48.5 5495.345
-98 48.5 5495.865
-97 48.5 5497.484
-96 48.5 5496.631
-95 48.5 5495.924
-94 48.5 5494.817
-93 48.5 5492.795
-92 48.5 5489.779
-91 48.5 5485.583
-90 48.5 5480.26
-89 48.5 5474.668
-88 48.5 5463.412
-87 48.5 5455.176
-86 48.5 5448.229
-85 48.5 5443.132
-84 48.5 5437.339
-83 48.5 5434.614
-82 48.5 5434.544
-81 48.5 5437.482
-80 48.5 5441.91
-79 48.5 5449.333
-78 48.5 5459.074
-77 48.5 5463.025
-76 48.5 5468.075
-75 48.5 5470.44
-74 48.5 5472.855
-73 48.5 5471.067
-72 48.5 5464.199
-71 48.5 5470.557
-70 48.5 5474.767
-69 48.5 5469.847
-68 48.5 5477.946
-67 48.5 5481.8
-66 48.5 5479.256
-65 48.5 5472.071
-64 48.5 5455.12
-63 48.5 5446.585
-62 48.5 5441.775
-61 48.5 5437.936
-60 48.5 5437.785
-59 48.5 5442.408
-58 48.5 5455.749
-57 48.5 5464.157
-56 48.5 5469.344
-55 48.5 5474.997
-54 48.5 5477.208
-53 48.5 5478.544
-52 48.5 5484.016
-51 48.5 5489.741
-50 48.5 5495.759
-49 48.5 5502.479
-48 48.5 5509.496
-47 48.5 5516.3
-46 48.5 5523.066
-45 48.5 5529.022
-44 48.5 5533.743
-43 48.5 -9.99e+08
-42 48.5 -9.99e+08
-41 48.5 -9.99e+08
-115 49.5 -9.99e+08
-114 49.5 -9.99e+08
-113 49.5 -9.99e+08
-112 49.5 5506.947
-111 49.5 5502.036
-110 49.5 5500.456
-109 49.5 5497.187
-108 49.5 5494.646
-107 49.5 5490.959
-106 49.5 5488.414
-105 49.5 5486.015
-104 49.5 5483.947
-103 49.5 5483.667
-102 49.5 5483.829
-101 49.5 5484.263
-100 49.5 5484.325
-99 49.5 5484.939
-98 49.5 5486.135
-97 49.5 5487.185
-96 49.5 5486.314
-95 49.5 5485.405
-94 49.5 5483.325
-93 49.5 5480.394
-92 49.5 5476.136
-91 49.5 5470.509
-90 49.5 5464.196
-89 49.5 5458.184
-88 49.5 5450.111
-87 49.5 5440.677
-86 49.5 5431.32
-85 49.5 5424.812
-84 49.5 5420.207
-83 49.5 5417.275
-82 49.5 5418.217
-81 49.5 5424.283
-80 49.5 5432.557
-79 49.5 5440.147
-78 49.5 5450.76
-77 49.5 5461.342
-76 49.5 5465.778
-75 49.5 5470.628
-74 49.5 5472.129
-73 49.5 5469.375
-72 49.5 5469.884
-71 49.5 5474.292
-70 49.5 5480.211
-69 49.5 5483.212
-68 49.5 5487.557
-67 49.5 5484.448
-66 49.5 5481.968
-65 49.5 5476.544
-64 49.5 5471.238
-63 49.5 5466.613
-62 49.5 5459.623
-61 49.5 5457.674
-60 49.5 5458.134
-59 49.5 5462.004
-58 49.5 5472.868
-57 49.5 5480.09
-56 49.5 5482.771
-55 49.5 5484.888
-54 49.5 5486.244
-53 49.5 5489.408
-52 49.5 5494.33
-51 49.5 5499.373
-50 49.5 5504.854
-49 49.5 5511.227
-48 49.5 5517.723
-47 49.5 5523.203
-46 49.5 5527.921
-45 49.5 5531.68
-44 49.5 5534.169
-43 49.5 -9.99e+08
-42 49.5 -9.99e+08
-41 49.5 -9.99e+08
-115 50.5 -9.99e+08
-114 50.5 -9.99e+08
-113 50.5 5502.876
-112 50.5 5492.036
-111 50.5 5488.398
-110 50.5 5482.882
-109 50.5 5478.899
-108 50.5 5477.937
-107 50.5 5475.947
-106 50.5 5472.814
-105 50.5 5470.223
-104 50.5 5469.903
-103 50.5 5468.642
-102 50.5 5468.099
-101 50.5 5467.752
-100 50.5 5467.5
-99 50.5 5468.791
-98 50.5 5470.457
-97 50.5 5471.914
-96 50.5 5470.552
-95 50.5 5468.681
-94 50.5 5466.379
-93 50.5 5463.052
-92 50.5 5458.675
-91 50.5 5453.155
-90 50.5 5447.15
-89 50.5 5440.717
-88 50.5 5430.686
-87 50.5 5422.547
-86 50.5 5413.321
-85 50.5 5405.35
-84 50.5 5394.999
-83 50.5 5381.887
-82 50.5 5383.99
-81 50.5 5392.002
-80 50.5 5402.875
-79 50.5 5410.75
-78 50.5 5440.974
-77 50.5 5455.522
-76 50.5 5464.877
-75 50.5 5472.585
-74 50.5 5474.576
-73 50.5 5476.741
-72 50.5 5479.505
-71 50.5 5483.328
-70 50.5 5488.351
-69 50.5 5494.923
-68 50.5 5504.471
-67 50.5 5505.197
-66 50.5 5502.954
-65 50.5 5499.985
-64 50.5 5494.344
-63 50.5 5487.103
-62 50.5 5483.973
-61 50.5 5482.235
-60 50.5 5480.822
-59 50.5 5482.436
-58 50.5 5486.967
-57 50.5 5495.871
-56 50.5 5495.748
-55 50.5 5492.205
-54 50.5 5496.346
-53 50.5 5499.703
-52 50.5 5503.1
-51 50.5 5506.792
-50 50.5 5510.75
-49 50.5 5515.32
-48 50.5 5519.942
-47 50.5 5523.211
-46 50.5 5525.337
-45 50.5 5526.479
-44 50.5 5526.578
-43 50.5 5525.788
-42 50.5 -9.99e+08
-41 50.5 -9.99e+08
-115 51.5 -9.99e+08
-114 51.5 5504.432
-113 51.5 5489.931
-112 51.5 5482.793
-111 51.5 5476.133
-110 51.5 5467.493
-109 51.5 5464.453
-108 51.5 5460.985
-107 51.5 5457.274
-106 51.5 5456.616
-105 51.5 5453.215
-104 51.5 5452.071
-103 51.5 5449.169
-102 51.5 5447.643
-101 51.5 5446.71
-100 51.5 5446.338
-99 51.5 5447.827
-98 51.5 5448.044
-97 51.5 5445.678
-96 51.5 5445.271
-95 51.5 5446.295
-94 51.5 5442.935
-93 51.5 5440.469
-92 51.5 5436.954
-91 51.5 5431.678
-90 51.5 5425.787
-89 51.5 5419.169
-88 51.5 5412.266
-87 51.5 5404.263
-86 51.5 5395.043
-85 51.5 5369.231
-84 51.5 5367.94
-83 51.5 5366.878
-82 51.5 5369.072
-81 51.5 5373.344
-80 51.5 5381.643
-79 51.5 5395.242
-78 51.5 5413.487
-77 51.5 5443.626
-76 51.5 5460.627
-75 51.5 5471.208
-74 51.5 5476.827
-73 51.5 5479.01
-72 51.5 5484.315
-71 51.5 5489.782
-70 51.5 5494.134
-69 51.5 5500.431
-68 51.5 5515.354
-67 51.5 5522.329
-66 51.5 5525.153
-65 51.5 5526.983
-64 51.5 5524.062
-63 51.5 5519.801
-62 51.5 5514.636
-61 51.5 5512.486
-60 51.5 5510.66
-59 51.5 5508.602
-58 51.5 5509.469
-57 51.5 5510.676
-56 51.5 5503.664
-55 51.5 5506.826
-54 51.5 5508.655
-53 51.5 5510.131
-52 51.5 5511.649
-51 51.5 5513.307
-50 51.5 5514.964
-49 51.5 5516.503
-48 51.5 5517.739
-47 51.5 5517.912
-46 51.5 5517.055
-45 51.5 5515.196
-44 51.5 5512.458
-43 51.5 5508.914
-42 51.5 -9.99e+08
-41 51.5 -9.99e+08
-115 52.5 -9.99e+08
-114 52.5 5490.622
-113 52.5 5478.34
-112 52.5 5471.058
-111 52.5 5459.672
-110 52.5 5454.27
-109 52.5 5450.804
-108 52.5 5447.176
-107 52.5 5442.26
-106 52.5 5439.573
-105 52.5 5437.081
-104 52.5 5433.431
-103 52.5 5429.952
-102 52.5 5427.65
-101 52.5 5425.855
-100 52.5 5426.203
-99 52.5 5423.895
-98 52.5 5423.994
-97 52.5 5423.835
-96 52.5 5423.484
-95 52.5 5422.582
-94 52.5 5420.878
-93 52.5 5418.493
-92 52.5 5415.563
-91 52.5 5411.958
-90 52.5 5407.448
-89 52.5 5401.522
-88 52.5 5394.503
-87 52.5 5387.136
-86 52.5 5363.347
-85 52.5 5358.055
-84 52.5 5354.71
-83 52.5 5351.59
-82 52.5 5352.388
-81 52.5 5357.873
-80 52.5 5367.812
-79 52.5 5383.629
-78 52.5 5405.525
-77 52.5 5430.972
-76 52.5 5456.514
-75 52.5 5469.542
-74 52.5 5479.843
-73 52.5 5484.45
-72 52.5 5488.446
-71 52.5 5495.766
-70 52.5 5500.917
-69 52.5 5510.921
-68 52.5 5523.156
-67 52.5 5528.737
-66 52.5 5535.916
-65 52.5 5539.426
-64 52.5 5539.896
-63 52.5 5537.299
-62 52.5 5533.291
-61 52.5 5529.897
-60 52.5 5528.374
-59 52.5 5528.012
-58 52.5 5526.928
-57 52.5 5524.381
-56 52.5 5515.158
-55 52.5 5514.848
-54 52.5 5514.833
-53 52.5 5514.282
-52 52.5 5513.752
-51 52.5 5513.059
-50 52.5 5511.925
-49 52.5 5510.397
-48 52.5 5508.237
-47 52.5 5505.212
-46 52.5 5501.474
-45 52.5 5497.072
-44 52.5 5491.823
-43 52.5 5485.9
-42 52.5 5479.494
-41 52.5 -9.99e+08
-115 53.5 -9.99e+08
-114 53.5 -9.99e+08
-113 53.5 -9.99e+08
-112 53.5 -9.99e+08
-111 53.5 -9.99e+08
-110 53.5 5444.056
-109 53.5 5440.423
-108 53.5 5438.276
-107 53.5 5431.269
-106 53.5 5425.818
-105 53.5 5420.673
-104 53.5 5414.708
-103 53.5 5409.694
-102 53.5 5406.975
-101 53.5 5404.383
-100 53.5 5403.244
-99 53.5 5402.106
-98 53.5 5402.535
-97 53.5 5403.065
-96 53.5 5403.723
-95 53.5 5403.654
-94 53.5 5402.808
-93 53.5 5401.387
-92 53.5 5399.083
-91 53.5 5392.542
-90 53.5 5388.351
-89 53.5 5374.811
-88 53.5 5366.831
-87 53.5 5359.324
-86 53.5 5350.857
-85 53.5 5344.117
-84 53.5 5340.162
-83 53.5 5338.118
-82 53.5 5340.085
-81 53.5 5347.409
-80 53.5 5359.1
-79 53.5 5376.477
-78 53.5 5400.011
-77 53.5 5423.038
-76 53.5 5452.809
-75 53.5 5468.584
-74 53.5 5477.757
-73 53.5 5485.483
-72 53.5 5492.229
-71 53.5 5497.542
-70 53.5 5505.772
-69 53.5 5514.464
-68 53.5 5525.283
-67 53.5 5534.168
-66 53.5 5540.693
-65 53.5 5544.408
-64 53.5 5543.489
-63 53.5 5543.272
-62 53.5 5540.848
-61 53.5 5535.418
-60 53.5 5528.886
-59 53.5 5531.976
-58 53.5 5526.706
-57 53.5 5518.231
-56 53.5 5515.065
-55 53.5 5513.5
-54 53.5 5511.426
-53 53.5 5509.055
-52 53.5 5506.015
-51 53.5 5502.56
-50 53.5 5498.533
-49 53.5 5493.732
-48 53.5 5488.443
-47 53.5 5482.686
-46 53.5 5476.428
-45 53.5 -9.99e+08
-44 53.5 -9.99e+08
-43 53.5 -9.99e+08
-42 53.5 -9.99e+08
-41 53.5 -9.99e+08
-115 54.5 -9.99e+08
-114 54.5 -9.99e+08
-113 54.5 -9.99e+08
-112 54.5 -9.99e+08
-111 54.5 -9.99e+08
-110 54.5 -9.99e+08
-109 54.5 -9.99e+08
-108 54.5 -9.99e+08
-107 54.5 -9.99e+08
-106 54.5 -9.99e+08
-105 54.5 5407.605
-104 54.5 5400.472
-103 54.5 5393.441
-102 54.5 5389.044
-101 54.5 5386.645
-100 54.5 5384.786
-99 54.5 5383.557
-98 54.5 5384.109
-97 54.5 5385.297
-96 54.5 5386.585
-95 54.5 5387.479
-94 54.5 5387.46
-93 54.5 5378.793
-92 54.5 5377.058
-91 54.5 5373.796
-90 54.5 5369.094
-89 54.5 5362.966
-88 54.5 5355.564
-87 54.5 5347.363
-86 54.5 5338.385
-85 54.5 5333.461
-84 54.5 5330.085
-83 54.5 5328.145
-82 54.5 5330.706
-81 54.5 5339.824
-80 54.5 5353.093
-79 54.5 5371.856
-78 54.5 5396.68
-77 54.5 5425.688
-76 54.5 5448.815
-75 54.5 5466.776
-74 54.5 5478.546
-73 54.5 5487.143
-72 54.5 5494.211
-71 54.5 5503.712
-70 54.5 5509.542
-69 54.5 5517.34
-68 54.5 5526.54
-67 54.5 5534.327
-66 54.5 5541.026
-65 54.5 5545.726
-64 54.5 5546.867
-63 54.5 5543.302
-62 54.5 5540.13
-61 54.5 5534.258
-60 54.5 5528.539
-59 54.5 5525.143
-58 54.5 5514.507
-57 54.5 5510.646
-56 54.5 5508.118
-55 54.5 5504.98
-54 54.5 5501.101
-53 54.5 5496.37
-52 54.5 5490.889
-51 54.5 5484.41
-50 54.5 -9.99e+08
-49 54.5 -9.99e+08
-48 54.5 -9.99e+08
-47 54.5 -9.99e+08
-46 54.5 -9.99e+08
-45 54.5 -9.99e+08
-44 54.5 -9.99e+08
-43 54.5 -9.99e+08
-42 54.5 -9.99e+08
-41 54.5 -9.99e+08
-115 55.5 -9.99e+08
-114 55.5 -9.99e+08
-113 55.5 -9.99e+08
-112 55.5 -9.99e+08
-111 55.5 -9.99e+08
-110 55.5 -9.99e+08
-109 55.5 -9.99e+08
-108 55.5 -9.99e+08
-107 55.5 -9.99e+08
-106 55.5 -9.99e+08
-105 55.5 -9.99e+08
-104 55.5 -9.99e+08
-103 55.5 -9.99e+08
-102 55.5 -9.99e+08
-101 55.5 -9.99e+08
-100 55.5 -9.99e+08
-99 55.5 5377.344
-98 55.5 5378.062
-97 55.5 5379.388
-96 55.5 5381.76
-95 55.5 5379.086
-94 55.5 5375.841
-93 55.5 5374.61
-92 55.5 5370.733
-91 55.5 5367.334
-90 55.5 5362.763
-89 55.5 5355.681
-88 55.5 5346.585
-87 55.5 5339.142
-86 55.5 5330.412
-85 55.5 5324.17
-84 55.5 5321.079
-83 55.5 5320.797
-82 55.5 5325.397
-81 55.5 5334.715
-80 55.5 5347.741
-79 55.5 5364.738
-78 55.5 5384.456
-77 55.5 5409.769
-76 55.5 5438.983
-75 55.5 5457.853
-74 55.5 5471.077
-73 55.5 5481.943
-72 55.5 5491.757
-71 55.5 5498.763
-70 55.5 5507.006
-69 55.5 5511.449
-68 55.5 5520.877
-67 55.5 5530.622
-66 55.5 5538.728
-65 55.5 5543.244
-64 55.5 5543.923
-63 55.5 5542.146
-62 55.5 5537.594
-61 55.5 5526.738
-60 55.5 5513.344
-59 55.5 5509.3
-58 55.5 5504.631
-57 55.5 5499.795
-56 55.5 -9.99e+08
-55 55.5 -9.99e+08
-54 55.5 -9.99e+08
-53 55.5 -9.99e+08
-52 55.5 -9.99e+08
-51 55.5 -9.99e+08
-50 55.5 -9.99e+08
-49 55.5 -9.99e+08
-48 55.5 -9.99e+08
-47 55.5 -9.99e+08
-46 55.5 -9.99e+08
-45 55.5 -9.99e+08
-44 55.5 -9.99e+08
-43 55.5 -9.99e+08
-42 55.5 -9.99e+08
-41 55.5 -9.99e+08
-115 56.5 -9.99e+08
-114 56.5 -9.99e+08
-113 56.5 -9.99e+08
-112 56.5 -9.99e+08
-111 56.5 -9.99e+08
-110 56.5 -9.99e+08
-109 56.5 -9.99e+08
-108 56.5 -9.99e+08
-107 56.5 -9.99e+08
-106 56.5 -9.99e+08
-105 56.5 -9.99e+08
-104 56.5 -9.99e+08
-103 56.5 -9.99e+08
-102 56.5 -9.99e+08
-101 56.5 -9.99e+08
-100 56.5 -9.99e+08
-99 56.5 -9.99e+08
-98 56.5 -9.99e+08
-97 56.5 -9.99e+08
-96 56.5 -9.99e+08
-95 56.5 -9.99e+08
-94 56.5 -9.99e+08
-93 56.5 -9.99e+08
-92 56.5 -9.99e+08
-91 56.5 -9.99e+08
-90 56.5 -9.99e+08
-89 56.5 5350.459
-88 56.5 5341.351
-87 56.5 5334.032
-86 56.5 5327.196
-85 56.5 5322.234
-84 56.5 5319.66
-83 56.5 5319.666
-82 56.5 5323.599
-81 56.5 5331.375
-80 56.5 5342.45
-79 56.5 5357.219
-78 56.5 5373.938
-77 56.5 5392.468
-76 56.5 5419.898
-75 56.5 5441.147
-74 56.5 5454.103
-73 56.5 5466.037
-72 56.5 5477.749
-71 56.5 5486.227
-70 56.5 5495.748
-69 56.5 5502.01
-68 56.5 5512.839
-67 56.5 5522.476
-66 56.5 -9.99e+08
-65 56.5 -9.99e+08
-64 56.5 -9.99e+08
-63 56.5 -9.99e+08
-62 56.5 -9.99e+08
-61 56.5 -9.99e+08
-60 56.5 -9.99e+08
-59 56.5 -9.99e+08
-58 56.5 -9.99e+08
-57 56.5 -9.99e+08
-56 56.5 -9.99e+08
-55 56.5 -9.99e+08
-54 56.5 -9.99e+08
-53 56.5 -9.99e+08
-52 56.5 -9.99e+08
-51 56.5 -9.99e+08
-50 56.5 -9.99e+08
-49 56.5 -9.99e+08
-48 56.5 -9.99e+08
-47 56.5 -9.99e+08
-46 56.5 -9.99e+08
-45 56.5 -9.99e+08
-44 56.5 -9.99e+08
-43 56.5 -9.99e+08
-42 56.5 -9.99e+08
-41 56.5 -9.99e+08
-115 57.5 -9.99e+08
-114 57.5 -9.99e+08
-113 57.5 -9.99e+08
-112 57.5 -9.99e+08
-111 57.5 -9.99e+08
-110 57.5 -9.99e+08
-109 57.5 -9.99e+08
-108 57.5 -9.99e+08
-107 57.5 -9.99e+08
-106 57.5 -9.99e+08
-105 57.5 -9.99e+08
-104 57.5 -9.99e+08
-103 57.5 -9.99e+08
-102 57.5 -9.99e+08
-101 57.5 -9.99e+08
-100 57.5 -9.99e+08
-99 57.5 -9.99e+08
-98 57.5 -9.99e+08
-97 57.5 -9.99e+08
-96 57.5 -9.99e+08
-95 57.5 -9.99e+08
-94 57.5 -9.99e+08
-93 57.5 -9.99e+08
-92 57.5 -9.99e+08
-91 57.5 -9.99e+08
-90 57.5 -9.99e+08
-89 57.5 -9.99e+08
-88 57.5 -9.99e+08
-87 57.5 -9.99e+08
-86 57.5 -9.99e+08
-85 57.5 -9.99e+08
-84 57.5 -9.99e+08
-83 57.5 -9.99e+08
-82 57.5 -9.99e+08
-81 57.5 -9.99e+08
-80 57.5 -9.99e+08
-79 57.5 -9.99e+08
-78 57.5 -9.99e+08
-77 57.5 -9.99e+08
-76 57.5 -9.99e+08
-75 57.5 -9.99e+08
-74 57.5 -9.99e+08
-73 57.5 -9.99e+08
-72 57.5 -9.99e+08
-71 57.5 -9.99e+08
-70 57.5 -9.99e+08
-69 57.5 -9.99e+08
-68 57.5 -9.99e+08
-67 57.5 -9.99e+08
-66 57.5 -9.99e+08
-65 57.5 -9.99e+08
-64 57.5 -9.99e+08
-63 57.5 -9.99e+08
-62 57.5 -9.99e+08
-61 57.5 -9.99e+08
-60 57.5 -9.99e+08
-59 57.5 -9.99e+08
-58 57.5 -9.99e+08
-57 57.5 -9.99e+08
-56 57.5 -9.99e+08
-55 57.5 -9.99e+08
-54 57.5 -9.99e+08
-53 57.5 -9.99e+08
-52 57.5 -9.99e+08
-51 57.5 -9.99e+08
-50 57.5 -9.99e+08
-49 57.5 -9.99e+08
-48 57.5 -9.99e+08
-47 57.5 -9.99e+08
-46 57.5 -9.99e+08
-45 57.5 -9.99e+08
-44 57.5 -9.99e+08
-43 57.5 -9.99e+08
-42 57.5 -9.99e+08
-41 57.5 -9.99e+08
-115 58.5 -9.99e+08
-114 58.5 -9.99e+08
-113 58.5 -9.99e+08
-112 58.5 -9.99e+08
-111 58.5 -9.99e+08
-110 58.5 -9.99e+08
-109 58.5 -9.99e+08
-108 58.5 -9.99e+08
-107 58.5 -9.99e+08
-106 58.5 -9.99e+08
-105 58.5 -9.99e+08
-104 58.5 -9.99e+08
-103 58.5 -9.99e+08
-102 58.5 -9.99e+08
-101 58.5 -9.99e+08
-100 58.5 -9.99e+08
-99 58.5 -9.99e+08
-98 58.5 -9.99e+08
-97 58.5 -9.99e+08
-96 58.5 -9.99e+08
-95 58.5 -9.99e+08
-94 58.5 -9.99e+08
-93 58.5 -9.99e+08
-92 58.5 -9.99e+08
-91 58.5 -9.99e+08
-90 58.5 -9.99e+08
-89 58.5 -9.99e+08
-88 58.5 -9.99e+08
-87 58.5 -9.99e+08
-86 58.5 -9.99e+08
-85 58.5 -9.99e+08
-84 58.5 -9.99e+08
-83 58.5 -9.99e+08
-82 58.5 -9.99e+08
-81 58.5 -9.99e+08
-80 58.5 -9.99e+08
-79 58.5 -9.99e+08
-78 58.5 -9.99e+08
-77 58.5 -9.99e+08
-76 58.5 -9.99e+08
-75 58.5 -9.99e+08
-74 58.5 -9.99e+08
-73 58.5 -9.99e+08
-72 58.5 -9.99e+08
-71 58.5 -9.99e+08
-70 58.5 -9.99e+08
-69 58.5 -9.99e+08
-68 58.5 -9.99e+08
-67 58.5 -9.99e+08
-66 58.5 -9.99e+08
-65 58.5 -9.99e+08
-64 58.5 -9.99e+08
-63 58.5 -9.99e+08
-62 58.5 -9.99e+08
-61 58.5 -9.99e+08
-60 58.5 -9.99e+08
-59 58.5 -9.99e+08
-58 58.5 -9.99e+08
-57 58.5 -9.99e+08
-56 58.5 -9.99e+08
-55 58.5 -9.99e+08
-54 58.5 -9.99e+08
-53 58.5 -9.99e+08
-52 58.5 -9.99e+08
-51 58.5 -9.99e+08
-50 58.5 -9.99e+08
-49 58.5 -9.99e+08
-48 58.5 -9.99e+08
-47 58.5 -9.99e+08
-46 58.5 -9.99e+08
-45 58.5 -9.99e+08
-44 58.5 -9.99e+08
-43 58.5 -9.99e+08
-42 58.5 -9.99e+08
-41 58.5 -9.99e+08
