0.1287953 3 12 1
1.094262 13 14 3
0.5962845 8 17 4
0.6511204 7 19 5
0.2533915 4 6 2
0.8222555 6 18 6
0.08695875 3 7 1
0.6096232 6 6 2
1.583204 24 7 1
0.08337463 4 7 1
0.06398186 1 11 2
0.2713974 4 11 2
0.6205648 13 4 1
1.276595 15 14 3
0.4827179 5 6 1
0.5840379 7 14 2
0.06954209 2 11 3
0.0235548 0 12 3
0.1222839 7 0 0
0.03727375 8 2 0
0.2870583 1 24 1
1.372654 11 4 1
0.3087571 14 7 2
0.08021901 1 13 2
0.1339665 1 11 2
0.05067923 6 18 4
0.3938086 12 12 3
0.6508278 17 15 2
0.04194144 7 7 0
0.3394143 2 12 3
0.9586008 6 20 5
0.5634648 12 15 5
0.2366387 5 20 6
0.01324326 9 4 1
0.6831792 8 0 0
1.193661 11 32 7
0.1803164 2 21 3
0.6029068 10 21 5
0.3433343 11 8 1
0.3456773 8 12 2
0.2849018 10 13 4
0.1099357 5 12 0
0.4240875 2 28 6
0.02350076 5 4 1
1.17225 7 8 1
0.1803684 11 18 3
0.258557 2 6 1
0.052866 3 12 2
0.7935582 13 33 10
0.5389486 4 34 5
0.1058483 10 8 1
0.07883167 3 13 4
0.01107794 4 10 3
0.1510604 11 21 7
0.1112498 8 10 2
0.007139905 2 14 3
0.100685 17 0 0
1.080275 56 0 0
0.03857993 20 0 0
0.4767243 10 14 4
0.07931246 4 10 0
0.7188928 2 35 6
0.5112153 7 33 10
0.01425192 3 8 1
0.1207487 3 17 4
0.681663 9 37 8
0.6360375 11 12 3
0.1246039 5 12 2
0.06698432 3 6 2
0.1925408 11 3 1
1.707992 15 28 5
0.02138282 2 10 2
1.192615 16 25 6
0.4656615 3 14 2
0.3608185 8 27 9
0.05912869 16 2 0
0.03023773 6 6 2
0.4333911 23 8 2
0.04914776 12 0 0
0.06606109 11 10 3
0.7227236 3 5 1
0.04227678 6 10 1
1.20444 15 20 6
0.1125272 6 17 5
0.1561408 3 31 4
0.2437815 5 19 2
0.9370185 4 82 25
0.58051 6 29 9
0.5032093 9 11 2
0.03696393 6 4 1
0.0561438 4 32 6
0.02756299 5 13 0
0.3534138 7 27 3
0.5562967 9 7 2
0.1862379 10 19 6
1.035368 20 35 4
0.06497448 16 16 5
0.02521581 6 16 4
0.09861581 9 9 2
0.02253092 10 9 0
0.2248426 8 16 1
0.7975448 17 34 11
0.1470261 5 17 3
0.7040052 8 17 4
0.03717191 3 13 2
0.07666724 10 37 7
0.1826743 4 35 5
0.2560215 10 24 4
0.8226963 19 23 0
0.2159253 11 25 4
0.006621883 3 14 4
0.03443015 3 36 8
0.1586496 15 43 11
0.09184262 18 26 5
0.04393962 5 32 6
0.07172955 11 44 4
0.07359956 7 54 13
0.01660966 10 47 8
0.02330052 2 54 9
0.2238354 10 56 6
0.02334775 4 27 6
0.1566392 12 19 6
0.0476382 14 43 2
0.4025935 14 49 7
0.02341518 6 58 15
0.1762365 10 63 21
1.564032 16 34 11
0.1829223 5 60 14
0.1196259 11 64 18
0.2537476 4 29 3
0.2726146 8 68 19
0.4272707 4 52 16
0.0489698 0 84 12
0.1115466 7 81 10
0.449963 14 73 22
0.01233734 4 64 5
0.0178022 8 44 3
0.1578754 5 20 2
0.08232239 4 45 7
0.02412216 1 53 10
0.129712 5 33 11
0.01313799 3 62 13
0.01167721 11 33 2
0.03087388 3 58 11
0.1535422 5 41 7
0.4131787 11 108 15
0.9285697 20 118 35
0.9188254 14 99 24
0.01146486 9 41 3
0.6121071 17 66 5
0.1329203 17 43 9
0.8137435 24 23 4
0.2697734 16 40 4
0.04476411 6 48 4
0.8852964 19 188 24
1.881826 19 123 35
0.03574685 8 58 4
1.464021 24 132 27
6.355079 54 212 69
0.2263166 15 35 1
0.1976456 21 45 4
0.3644078 31 48 6
0.8119966 44 90 14
0.04570393 19 61 13
0.06532421 10 93 6
0.06118383 0 83 1
0.3387501 3 78 16
0.001849643 6 70 14
0.3102142 7 72 14
0.8595654 20 64 16
0.31876 9 135 21
0.3574164 10 149 35
0.2133689 6 105 27
0.7457137 13 101 31
0.08668643 15 57 4
0.8281068 15 56 12
0.3808322 21 43 11
0.8341861 10 114 11
0.0667608 1 68 22
0.07823141 1 72 4
0.2295791 6 48 7
0.5127313 5 115 18
0.1624648 3 76 20
0.2376807 8 73 21
0.1344061 3 156 21
0.1785979 11 46 11
0.00107357 5 82 19
0.08146257 1 56 3
0.06541864 1 49 15
0.2231484 11 56 16
0.6742754 21 102 3
0.4061888 15 148 14
0.1188946 12 90 19
0.1851315 11 88 22
0.07154524 6 64 15
0.03009896 0 129 1
0.08972823 4 110 8
0.5565382 5 109 36
2.220513 33 336 69
0.6892831 17 169 53
0.4877322 12 108 29
0.1425425 9 108 29
0.1394132 14 72 21
0.1462724 27 63 12
0.1549194 3 125 18
0.1395985 4 67 6
0.1125876 8 76 15
0.3146626 8 125 34
0.09440413 2 160 53
0.082065 4 51 6
0.1279815 6 71 19
0.3447693 11 68 15
2.237201 17 124 9
0.447274 9 178 41
0.271374 33 56 12
2.348434 15 336 102
0.02550649 4 118 23
1.11838 23 135 26
0.2530815 9 187 29
2.176453 40 243 39
5.72286 99 248 76
0.7991441 12 86 22
0.002203422 6 79 9
0.2071818 6 117 16
0.03108121 0 99 29
0.5162565 17 157 19
0.1080954 8 130 42
0.3994352 18 67 11
0.02437138 5 88 16
0.1308913 10 58 19
0.3566098 12 222 71
0.01917101 14 44 3
0.2615184 10 82 14
0.0389208 0 98 5
2.42053 37 136 21
0.217538 14 95 20
0.433536 10 104 22
0.293516 32 169 36
0.008889642 6 71 0
0.3483052 14 79 15
0.2719009 17 58 4
0.4360878 4 309 102
0.340113 11 97 7
0.1285306 10 107 18
0.1581807 5 183 50
0.2211795 13 147 23
0.1176636 21 154 43
0.1231186 7 172 17
0.6787731 30 91 9
0.05869455 3 122 39
0.5694786 23 103 31
0.6420102 7 280 25
0.5530261 9 135 40
0.9146776 34 321 62
1.099609 20 237 31
0.03922997 6 111 27
0.2216065 8 41 11
0.2510405 9 58 16
0.4670898 33 61 18
0.4250344 7 130 10
0.1691226 11 121 21
0.7250984 30 235 29
0.1896315 11 175 35
0.4394025 19 408 33
0.1208844 14 100 6
7.428578 86 405 128
1.79339 41 244 79
1.873611 33 387 107
0.2950861 4 238 41
0.5948129 11 174 34
0.004353931 7 104 34
0.2211302 17 81 20
0.002533617 2 121 18
0.08365469 7 122 25
0.1362867 17 117 10
0.5427969 32 78 17
0.2597286 5 230 31
0.6202735 11 132 15
0.4913892 18 131 9
0.06361933 16 108 27
0.1510204 16 86 5
0.03837804 9 49 8
0.4053929 32 132 25
2.230394 3 35 0
0.1526701 0 165 49
0.3792453 11 138 31
0.05521932 7 115 29
0.02865326 13 269 65
0.1860114 15 204 60
0.8602353 23 109 32
0.1786332 0 209 23
0.1488464 11 246 30
0.1455925 6 362 56
0.4166554 13 320 37
0.4070256 9 142 42
0.2277333 8 118 32
0.08256688 9 102 23
0.1735662 12 93 27
0.944744 34 212 54
0.3658511 15 47 7
0.007214769 12 138 20
1.308721 15 278 18
7.252521 57 593 122
0.1853311 12 226 49
2.684992 56 721 213
1.373765 18 307 54
0.004280273 5 170 28
0.3181822 14 120 30
0.04861361 14 97 16
0.0427894 0 225 21
0.1331635 3 160 49
0.4941838 20 108 21
0.171986 14 247 31
0.061763 7 38 12
1.289889 14 232 49
0.008742581 1 115 30
0.4243968 12 166 24
0.3437252 19 118 26
3.136546 57 202 24
0.04523256 7 118 33
1.15701 24 151 12
0.0764577 24 97 6
2.164753 29 152 16
3.693376 90 263 73
0.001983798 0 194 22
0.09644087 1 199 39
0.3504032 18 155 31
0.3942888 13 124 27
0.2999898 20 260 68
0.02021991 7 99 16
0.09777862 8 197 43
1.28238 23 202 55
3.912346 79 123 39
0.1037914 7 198 48
0.3184005 3 217 67
0.09509859 1 366 118
0.1838259 1 471 122
0.9773988 14 141 45
0.04903528 16 89 1
0.2762419 18 38 12
0.1502909 21 115 21
0.2842597 15 51 12
0.2051559 12 194 23
0.0242187 1 306 79
0.6505303 42 113 21
0.03906285 0 284 73
0.01618158 4 107 35
0.4027415 30 115 9
0.1192688 20 64 18
0.4486188 12 46 11
0.3039778 13 110 29
0.08077829 28 70 7
0.006473617 0 131 15
0.1537663 0 304 64
0.03663031 0 137 18
1.328559 20 94 9
1.096861 21 243 34
0.04132814 10 171 25
0.6532112 18 273 27
0.4012811 6 142 31
0.05002934 5 195 52
0.03124355 1 181 51
0.21215 10 41 13
